0	-0.283	1.011	0.089	-0.293	0.967	0.127	-0.307	0.925	0.150	-0.309	0.908	0.195	-0.300	0.879	0.258	-0.278	0.864	0.347	-0.253	0.824	0.406	-0.234	0.749	0.473	-0.217	0.668	0.530	-0.195	0.590	0.581	-0.218	0.501	0.629	-0.219	0.430	0.674	-0.203	0.365	0.710	-0.195	0.312	0.737	-0.179	0.269	0.764
1	-0.293	0.967	0.127	-0.307	0.925	0.150	-0.309	0.908	0.195	-0.300	0.879	0.258	-0.278	0.864	0.347	-0.253	0.824	0.406	-0.234	0.749	0.473	-0.217	0.668	0.530	-0.195	0.590	0.581	-0.218	0.501	0.629	-0.219	0.430	0.674	-0.203	0.365	0.710	-0.195	0.312	0.737	-0.179	0.269	0.764	-0.169	0.230	0.800
1	-0.307	0.925	0.150	-0.309	0.908	0.195	-0.300	0.879	0.258	-0.278	0.864	0.347	-0.253	0.824	0.406	-0.234	0.749	0.473	-0.217	0.668	0.530	-0.195	0.590	0.581	-0.218	0.501	0.629	-0.219	0.430	0.674	-0.203	0.365	0.710	-0.195	0.312	0.737	-0.179	0.269	0.764	-0.169	0.230	0.800	-0.160	0.206	0.830
1	-0.309	0.908	0.195	-0.300	0.879	0.258	-0.278	0.864	0.347	-0.253	0.824	0.406	-0.234	0.749	0.473	-0.217	0.668	0.530	-0.195	0.590	0.581	-0.218	0.501	0.629	-0.219	0.430	0.674	-0.203	0.365	0.710	-0.195	0.312	0.737	-0.179	0.269	0.764	-0.169	0.230	0.800	-0.160	0.206	0.830	-0.150	0.181	0.862
1	-0.300	0.879	0.258	-0.278	0.864	0.347	-0.253	0.824	0.406	-0.234	0.749	0.473	-0.217	0.668	0.530	-0.195	0.590	0.581	-0.218	0.501	0.629	-0.219	0.430	0.674	-0.203	0.365	0.710	-0.195	0.312	0.737	-0.179	0.269	0.764	-0.169	0.230	0.800	-0.160	0.206	0.830	-0.150	0.181	0.862	-0.146	0.153	0.889
1	-0.278	0.864	0.347	-0.253	0.824	0.406	-0.234	0.749	0.473	-0.217	0.668	0.530	-0.195	0.590	0.581	-0.218	0.501	0.629	-0.219	0.430	0.674	-0.203	0.365	0.710	-0.195	0.312	0.737	-0.179	0.269	0.764	-0.169	0.230	0.800	-0.160	0.206	0.830	-0.150	0.181	0.862	-0.146	0.153	0.889	-0.161	0.137	0.907
1	-0.253	0.824	0.406	-0.234	0.749	0.473	-0.217	0.668	0.530	-0.195	0.590	0.581	-0.218	0.501	0.629	-0.219	0.430	0.674	-0.203	0.365	0.710	-0.195	0.312	0.737	-0.179	0.269	0.764	-0.169	0.230	0.800	-0.160	0.206	0.830	-0.150	0.181	0.862	-0.146	0.153	0.889	-0.161	0.137	0.907	-0.180	0.112	0.920
1	-0.234	0.749	0.473	-0.217	0.668	0.530	-0.195	0.590	0.581	-0.218	0.501	0.629	-0.219	0.430	0.674	-0.203	0.365	0.710	-0.195	0.312	0.737	-0.179	0.269	0.764	-0.169	0.230	0.800	-0.160	0.206	0.830	-0.150	0.181	0.862	-0.146	0.153	0.889	-0.161	0.137	0.907	-0.180	0.112	0.920	-0.198	0.101	0.940
1	-0.217	0.668	0.530	-0.195	0.590	0.581	-0.218	0.501	0.629	-0.219	0.430	0.674	-0.203	0.365	0.710	-0.195	0.312	0.737	-0.179	0.269	0.764	-0.169	0.230	0.800	-0.160	0.206	0.830	-0.150	0.181	0.862	-0.146	0.153	0.889	-0.161	0.137	0.907	-0.180	0.112	0.920	-0.198	0.101	0.940	-0.203	0.092	0.946
1	-0.195	0.590	0.581	-0.218	0.501	0.629	-0.219	0.430	0.674	-0.203	0.365	0.710	-0.195	0.312	0.737	-0.179	0.269	0.764	-0.169	0.230	0.800	-0.160	0.206	0.830	-0.150	0.181	0.862	-0.146	0.153	0.889	-0.161	0.137	0.907	-0.180	0.112	0.920	-0.198	0.101	0.940	-0.203	0.092	0.946	-0.208	0.079	0.942
1	-0.218	0.501	0.629	-0.219	0.430	0.674	-0.203	0.365	0.710	-0.195	0.312	0.737	-0.179	0.269	0.764	-0.169	0.230	0.800	-0.160	0.206	0.830	-0.150	0.181	0.862	-0.146	0.153	0.889	-0.161	0.137	0.907	-0.180	0.112	0.920	-0.198	0.101	0.940	-0.203	0.092	0.946	-0.208	0.079	0.942	-0.220	0.065	0.944
1	-0.219	0.430	0.674	-0.203	0.365	0.710	-0.195	0.312	0.737	-0.179	0.269	0.764	-0.169	0.230	0.800	-0.160	0.206	0.830	-0.150	0.181	0.862	-0.146	0.153	0.889	-0.161	0.137	0.907	-0.180	0.112	0.920	-0.198	0.101	0.940	-0.203	0.092	0.946	-0.208	0.079	0.942	-0.220	0.065	0.944	-0.227	0.058	0.953
1	-0.203	0.365	0.710	-0.195	0.312	0.737	-0.179	0.269	0.764	-0.169	0.230	0.800	-0.160	0.206	0.830	-0.150	0.181	0.862	-0.146	0.153	0.889	-0.161	0.137	0.907	-0.180	0.112	0.920	-0.198	0.101	0.940	-0.203	0.092	0.946	-0.208	0.079	0.942	-0.220	0.065	0.944	-0.227	0.058	0.953	-0.235	0.055	0.958
1	-0.195	0.312	0.737	-0.179	0.269	0.764	-0.169	0.230	0.800	-0.160	0.206	0.830	-0.150	0.181	0.862	-0.146	0.153	0.889	-0.161	0.137	0.907	-0.180	0.112	0.920	-0.198	0.101	0.940	-0.203	0.092	0.946	-0.208	0.079	0.942	-0.220	0.065	0.944	-0.227	0.058	0.953	-0.235	0.055	0.958	-0.235	0.054	0.959
1	-0.179	0.269	0.764	-0.169	0.230	0.800	-0.160	0.206	0.830	-0.150	0.181	0.862	-0.146	0.153	0.889	-0.161	0.137	0.907	-0.180	0.112	0.920	-0.198	0.101	0.940	-0.203	0.092	0.946	-0.208	0.079	0.942	-0.220	0.065	0.944	-0.227	0.058	0.953	-0.235	0.055	0.958	-0.235	0.054	0.959	-0.235	0.055	0.962
1	-0.169	0.230	0.800	-0.160	0.206	0.830	-0.150	0.181	0.862	-0.146	0.153	0.889	-0.161	0.137	0.907	-0.180	0.112	0.920	-0.198	0.101	0.940	-0.203	0.092	0.946	-0.208	0.079	0.942	-0.220	0.065	0.944	-0.227	0.058	0.953	-0.235	0.055	0.958	-0.235	0.054	0.959	-0.235	0.055	0.962	-0.239	0.057	0.964
0	-0.160	0.206	0.830	-0.150	0.181	0.862	-0.146	0.153	0.889	-0.161	0.137	0.907	-0.180	0.112	0.920	-0.198	0.101	0.940	-0.203	0.092	0.946	-0.208	0.079	0.942	-0.220	0.065	0.944	-0.227	0.058	0.953	-0.235	0.055	0.958	-0.235	0.054	0.959	-0.235	0.055	0.962	-0.239	0.057	0.964	-0.244	0.057	0.961
0	-0.150	0.181	0.862	-0.146	0.153	0.889	-0.161	0.137	0.907	-0.180	0.112	0.920	-0.198	0.101	0.940	-0.203	0.092	0.946	-0.208	0.079	0.942	-0.220	0.065	0.944	-0.227	0.058	0.953	-0.235	0.055	0.958	-0.235	0.054	0.959	-0.235	0.055	0.962	-0.239	0.057	0.964	-0.244	0.057	0.961	-0.249	0.052	0.960
0	-0.146	0.153	0.889	-0.161	0.137	0.907	-0.180	0.112	0.920	-0.198	0.101	0.940	-0.203	0.092	0.946	-0.208	0.079	0.942	-0.220	0.065	0.944	-0.227	0.058	0.953	-0.235	0.055	0.958	-0.235	0.054	0.959	-0.235	0.055	0.962	-0.239	0.057	0.964	-0.244	0.057	0.961	-0.249	0.052	0.960	-0.250	0.050	0.965
0	-0.161	0.137	0.907	-0.180	0.112	0.920	-0.198	0.101	0.940	-0.203	0.092	0.946	-0.208	0.079	0.942	-0.220	0.065	0.944	-0.227	0.058	0.953	-0.235	0.055	0.958	-0.235	0.054	0.959	-0.235	0.055	0.962	-0.239	0.057	0.964	-0.244	0.057	0.961	-0.249	0.052	0.960	-0.250	0.050	0.965	-0.253	0.052	0.967
0	-0.180	0.112	0.920	-0.198	0.101	0.940	-0.203	0.092	0.946	-0.208	0.079	0.942	-0.220	0.065	0.944	-0.227	0.058	0.953	-0.235	0.055	0.958	-0.235	0.054	0.959	-0.235	0.055	0.962	-0.239	0.057	0.964	-0.244	0.057	0.961	-0.249	0.052	0.960	-0.250	0.050	0.965	-0.253	0.052	0.967	-0.252	0.048	0.969
0	-0.198	0.101	0.940	-0.203	0.092	0.946	-0.208	0.079	0.942	-0.220	0.065	0.944	-0.227	0.058	0.953	-0.235	0.055	0.958	-0.235	0.054	0.959	-0.235	0.055	0.962	-0.239	0.057	0.964	-0.244	0.057	0.961	-0.249	0.052	0.960	-0.250	0.050	0.965	-0.253	0.052	0.967	-0.252	0.048	0.969	-0.251	0.048	0.967
0	-0.203	0.092	0.946	-0.208	0.079	0.942	-0.220	0.065	0.944	-0.227	0.058	0.953	-0.235	0.055	0.958	-0.235	0.054	0.959	-0.235	0.055	0.962	-0.239	0.057	0.964	-0.244	0.057	0.961	-0.249	0.052	0.960	-0.250	0.050	0.965	-0.253	0.052	0.967	-0.252	0.048	0.969	-0.251	0.048	0.967	-0.250	0.045	0.966
0	-0.208	0.079	0.942	-0.220	0.065	0.944	-0.227	0.058	0.953	-0.235	0.055	0.958	-0.235	0.054	0.959	-0.235	0.055	0.962	-0.239	0.057	0.964	-0.244	0.057	0.961	-0.249	0.052	0.960	-0.250	0.050	0.965	-0.253	0.052	0.967	-0.252	0.048	0.969	-0.251	0.048	0.967	-0.250	0.045	0.966	-0.251	0.044	0.967
0	-0.220	0.065	0.944	-0.227	0.058	0.953	-0.235	0.055	0.958	-0.235	0.054	0.959	-0.235	0.055	0.962	-0.239	0.057	0.964	-0.244	0.057	0.961	-0.249	0.052	0.960	-0.250	0.050	0.965	-0.253	0.052	0.967	-0.252	0.048	0.969	-0.251	0.048	0.967	-0.250	0.045	0.966	-0.251	0.044	0.967	-0.252	0.044	0.967
0	-0.227	0.058	0.953	-0.235	0.055	0.958	-0.235	0.054	0.959	-0.235	0.055	0.962	-0.239	0.057	0.964	-0.244	0.057	0.961	-0.249	0.052	0.960	-0.250	0.050	0.965	-0.253	0.052	0.967	-0.252	0.048	0.969	-0.251	0.048	0.967	-0.250	0.045	0.966	-0.251	0.044	0.967	-0.252	0.044	0.967	-0.251	0.045	0.966
0	-0.235	0.055	0.958	-0.235	0.054	0.959	-0.235	0.055	0.962	-0.239	0.057	0.964	-0.244	0.057	0.961	-0.249	0.052	0.960	-0.250	0.050	0.965	-0.253	0.052	0.967	-0.252	0.048	0.969	-0.251	0.048	0.967	-0.250	0.045	0.966	-0.251	0.044	0.967	-0.252	0.044	0.967	-0.251	0.045	0.966	-0.252	0.047	0.967
0	-0.235	0.054	0.959	-0.235	0.055	0.962	-0.239	0.057	0.964	-0.244	0.057	0.961	-0.249	0.052	0.960	-0.250	0.050	0.965	-0.253	0.052	0.967	-0.252	0.048	0.969	-0.251	0.048	0.967	-0.250	0.045	0.966	-0.251	0.044	0.967	-0.252	0.044	0.967	-0.251	0.045	0.966	-0.252	0.047	0.967	-0.251	0.046	0.966
0	-0.235	0.055	0.962	-0.239	0.057	0.964	-0.244	0.057	0.961	-0.249	0.052	0.960	-0.250	0.050	0.965	-0.253	0.052	0.967	-0.252	0.048	0.969	-0.251	0.048	0.967	-0.250	0.045	0.966	-0.251	0.044	0.967	-0.252	0.044	0.967	-0.251	0.045	0.966	-0.252	0.047	0.967	-0.251	0.046	0.966	-0.251	0.047	0.965
0	-0.239	0.057	0.964	-0.244	0.057	0.961	-0.249	0.052	0.960	-0.250	0.050	0.965	-0.253	0.052	0.967	-0.252	0.048	0.969	-0.251	0.048	0.967	-0.250	0.045	0.966	-0.251	0.044	0.967	-0.252	0.044	0.967	-0.251	0.045	0.966	-0.252	0.047	0.967	-0.251	0.046	0.966	-0.251	0.047	0.965	-0.251	0.047	0.965
0	-0.244	0.057	0.961	-0.249	0.052	0.960	-0.250	0.050	0.965	-0.253	0.052	0.967	-0.252	0.048	0.969	-0.251	0.048	0.967	-0.250	0.045	0.966	-0.251	0.044	0.967	-0.252	0.044	0.967	-0.251	0.045	0.966	-0.252	0.047	0.967	-0.251	0.046	0.966	-0.251	0.047	0.965	-0.251	0.047	0.965	-0.249	0.048	0.964
0	-0.249	0.052	0.960	-0.250	0.050	0.965	-0.253	0.052	0.967	-0.252	0.048	0.969	-0.251	0.048	0.967	-0.250	0.045	0.966	-0.251	0.044	0.967	-0.252	0.044	0.967	-0.251	0.045	0.966	-0.252	0.047	0.967	-0.251	0.046	0.966	-0.251	0.047	0.965	-0.251	0.047	0.965	-0.249	0.048	0.964	-0.250	0.050	0.963
0	-0.250	0.050	0.965	-0.253	0.052	0.967	-0.252	0.048	0.969	-0.251	0.048	0.967	-0.250	0.045	0.966	-0.251	0.044	0.967	-0.252	0.044	0.967	-0.251	0.045	0.966	-0.252	0.047	0.967	-0.251	0.046	0.966	-0.251	0.047	0.965	-0.251	0.047	0.965	-0.249	0.048	0.964	-0.250	0.050	0.963	-0.250	0.052	0.964
0	-0.253	0.052	0.967	-0.252	0.048	0.969	-0.251	0.048	0.967	-0.250	0.045	0.966	-0.251	0.044	0.967	-0.252	0.044	0.967	-0.251	0.045	0.966	-0.252	0.047	0.967	-0.251	0.046	0.966	-0.251	0.047	0.965	-0.251	0.047	0.965	-0.249	0.048	0.964	-0.250	0.050	0.963	-0.250	0.052	0.964	-0.250	0.054	0.964
0	-0.252	0.048	0.969	-0.251	0.048	0.967	-0.250	0.045	0.966	-0.251	0.044	0.967	-0.252	0.044	0.967	-0.251	0.045	0.966	-0.252	0.047	0.967	-0.251	0.046	0.966	-0.251	0.047	0.965	-0.251	0.047	0.965	-0.249	0.048	0.964	-0.250	0.050	0.963	-0.250	0.052	0.964	-0.250	0.054	0.964	-0.250	0.055	0.964
0	-0.251	0.048	0.967	-0.250	0.045	0.966	-0.251	0.044	0.967	-0.252	0.044	0.967	-0.251	0.045	0.966	-0.252	0.047	0.967	-0.251	0.046	0.966	-0.251	0.047	0.965	-0.251	0.047	0.965	-0.249	0.048	0.964	-0.250	0.050	0.963	-0.250	0.052	0.964	-0.250	0.054	0.964	-0.250	0.055	0.964	-0.250	0.056	0.964
0	-0.250	0.045	0.966	-0.251	0.044	0.967	-0.252	0.044	0.967	-0.251	0.045	0.966	-0.252	0.047	0.967	-0.251	0.046	0.966	-0.251	0.047	0.965	-0.251	0.047	0.965	-0.249	0.048	0.964	-0.250	0.050	0.963	-0.250	0.052	0.964	-0.250	0.054	0.964	-0.250	0.055	0.964	-0.250	0.056	0.964	-0.250	0.058	0.964
0	-0.251	0.044	0.967	-0.252	0.044	0.967	-0.251	0.045	0.966	-0.252	0.047	0.967	-0.251	0.046	0.966	-0.251	0.047	0.965	-0.251	0.047	0.965	-0.249	0.048	0.964	-0.250	0.050	0.963	-0.250	0.052	0.964	-0.250	0.054	0.964	-0.250	0.055	0.964	-0.250	0.056	0.964	-0.250	0.058	0.964	-0.250	0.059	0.964
0	-0.252	0.044	0.967	-0.251	0.045	0.966	-0.252	0.047	0.967	-0.251	0.046	0.966	-0.251	0.047	0.965	-0.251	0.047	0.965	-0.249	0.048	0.964	-0.250	0.050	0.963	-0.250	0.052	0.964	-0.250	0.054	0.964	-0.250	0.055	0.964	-0.250	0.056	0.964	-0.250	0.058	0.964	-0.250	0.059	0.964	-0.250	0.061	0.963
0	-0.251	0.045	0.966	-0.252	0.047	0.967	-0.251	0.046	0.966	-0.251	0.047	0.965	-0.251	0.047	0.965	-0.249	0.048	0.964	-0.250	0.050	0.963	-0.250	0.052	0.964	-0.250	0.054	0.964	-0.250	0.055	0.964	-0.250	0.056	0.964	-0.250	0.058	0.964	-0.250	0.059	0.964	-0.250	0.061	0.963	-0.251	0.061	0.963
0	-0.252	0.047	0.967	-0.251	0.046	0.966	-0.251	0.047	0.965	-0.251	0.047	0.965	-0.249	0.048	0.964	-0.250	0.050	0.963	-0.250	0.052	0.964	-0.250	0.054	0.964	-0.250	0.055	0.964	-0.250	0.056	0.964	-0.250	0.058	0.964	-0.250	0.059	0.964	-0.250	0.061	0.963	-0.251	0.061	0.963	-0.252	0.063	0.962
0	-0.251	0.046	0.966	-0.251	0.047	0.965	-0.251	0.047	0.965	-0.249	0.048	0.964	-0.250	0.050	0.963	-0.250	0.052	0.964	-0.250	0.054	0.964	-0.250	0.055	0.964	-0.250	0.056	0.964	-0.250	0.058	0.964	-0.250	0.059	0.964	-0.250	0.061	0.963	-0.251	0.061	0.963	-0.252	0.063	0.962	-0.252	0.064	0.962
0	-0.251	0.047	0.965	-0.251	0.047	0.965	-0.249	0.048	0.964	-0.250	0.050	0.963	-0.250	0.052	0.964	-0.250	0.054	0.964	-0.250	0.055	0.964	-0.250	0.056	0.964	-0.250	0.058	0.964	-0.250	0.059	0.964	-0.250	0.061	0.963	-0.251	0.061	0.963	-0.252	0.063	0.962	-0.252	0.064	0.962	-0.252	0.066	0.963
0	-0.251	0.047	0.965	-0.249	0.048	0.964	-0.250	0.050	0.963	-0.250	0.052	0.964	-0.250	0.054	0.964	-0.250	0.055	0.964	-0.250	0.056	0.964	-0.250	0.058	0.964	-0.250	0.059	0.964	-0.250	0.061	0.963	-0.251	0.061	0.963	-0.252	0.063	0.962	-0.252	0.064	0.962	-0.252	0.066	0.963	-0.254	0.068	0.962
0	-0.249	0.048	0.964	-0.250	0.050	0.963	-0.250	0.052	0.964	-0.250	0.054	0.964	-0.250	0.055	0.964	-0.250	0.056	0.964	-0.250	0.058	0.964	-0.250	0.059	0.964	-0.250	0.061	0.963	-0.251	0.061	0.963	-0.252	0.063	0.962	-0.252	0.064	0.962	-0.252	0.066	0.963	-0.254	0.068	0.962	-0.254	0.071	0.961
0	-0.250	0.050	0.963	-0.250	0.052	0.964	-0.250	0.054	0.964	-0.250	0.055	0.964	-0.250	0.056	0.964	-0.250	0.058	0.964	-0.250	0.059	0.964	-0.250	0.061	0.963	-0.251	0.061	0.963	-0.252	0.063	0.962	-0.252	0.064	0.962	-0.252	0.066	0.963	-0.254	0.068	0.962	-0.254	0.071	0.961	-0.254	0.072	0.961
0	-0.250	0.052	0.964	-0.250	0.054	0.964	-0.250	0.055	0.964	-0.250	0.056	0.964	-0.250	0.058	0.964	-0.250	0.059	0.964	-0.250	0.061	0.963	-0.251	0.061	0.963	-0.252	0.063	0.962	-0.252	0.064	0.962	-0.252	0.066	0.963	-0.254	0.068	0.962	-0.254	0.071	0.961	-0.254	0.072	0.961	-0.253	0.073	0.961
0	-0.250	0.054	0.964	-0.250	0.055	0.964	-0.250	0.056	0.964	-0.250	0.058	0.964	-0.250	0.059	0.964	-0.250	0.061	0.963	-0.251	0.061	0.963	-0.252	0.063	0.962	-0.252	0.064	0.962	-0.252	0.066	0.963	-0.254	0.068	0.962	-0.254	0.071	0.961	-0.254	0.072	0.961	-0.253	0.073	0.961	-0.253	0.074	0.961
0	-0.250	0.055	0.964	-0.250	0.056	0.964	-0.250	0.058	0.964	-0.250	0.059	0.964	-0.250	0.061	0.963	-0.251	0.061	0.963	-0.252	0.063	0.962	-0.252	0.064	0.962	-0.252	0.066	0.963	-0.254	0.068	0.962	-0.254	0.071	0.961	-0.254	0.072	0.961	-0.253	0.073	0.961	-0.253	0.074	0.961	-0.254	0.075	0.960
0	-0.250	0.056	0.964	-0.250	0.058	0.964	-0.250	0.059	0.964	-0.250	0.061	0.963	-0.251	0.061	0.963	-0.252	0.063	0.962	-0.252	0.064	0.962	-0.252	0.066	0.963	-0.254	0.068	0.962	-0.254	0.071	0.961	-0.254	0.072	0.961	-0.253	0.073	0.961	-0.253	0.074	0.961	-0.254	0.075	0.960	-0.255	0.077	0.960
0	-0.250	0.058	0.964	-0.250	0.059	0.964	-0.250	0.061	0.963	-0.251	0.061	0.963	-0.252	0.063	0.962	-0.252	0.064	0.962	-0.252	0.066	0.963	-0.254	0.068	0.962	-0.254	0.071	0.961	-0.254	0.072	0.961	-0.253	0.073	0.961	-0.253	0.074	0.961	-0.254	0.075	0.960	-0.255	0.077	0.960	-0.256	0.079	0.960
0	-0.250	0.059	0.964	-0.250	0.061	0.963	-0.251	0.061	0.963	-0.252	0.063	0.962	-0.252	0.064	0.962	-0.252	0.066	0.963	-0.254	0.068	0.962	-0.254	0.071	0.961	-0.254	0.072	0.961	-0.253	0.073	0.961	-0.253	0.074	0.961	-0.254	0.075	0.960	-0.255	0.077	0.960	-0.256	0.079	0.960	-0.255	0.080	0.959
0	-0.250	0.061	0.963	-0.251	0.061	0.963	-0.252	0.063	0.962	-0.252	0.064	0.962	-0.252	0.066	0.963	-0.254	0.068	0.962	-0.254	0.071	0.961	-0.254	0.072	0.961	-0.253	0.073	0.961	-0.253	0.074	0.961	-0.254	0.075	0.960	-0.255	0.077	0.960	-0.256	0.079	0.960	-0.255	0.080	0.959	-0.256	0.081	0.960
0	-0.251	0.061	0.963	-0.252	0.063	0.962	-0.252	0.064	0.962	-0.252	0.066	0.963	-0.254	0.068	0.962	-0.254	0.071	0.961	-0.254	0.072	0.961	-0.253	0.073	0.961	-0.253	0.074	0.961	-0.254	0.075	0.960	-0.255	0.077	0.960	-0.256	0.079	0.960	-0.255	0.080	0.959	-0.256	0.081	0.960	-0.256	0.082	0.959
0	-0.252	0.063	0.962	-0.252	0.064	0.962	-0.252	0.066	0.963	-0.254	0.068	0.962	-0.254	0.071	0.961	-0.254	0.072	0.961	-0.253	0.073	0.961	-0.253	0.074	0.961	-0.254	0.075	0.960	-0.255	0.077	0.960	-0.256	0.079	0.960	-0.255	0.080	0.959	-0.256	0.081	0.960	-0.256	0.082	0.959	-0.256	0.083	0.959
0	-0.252	0.064	0.962	-0.252	0.066	0.963	-0.254	0.068	0.962	-0.254	0.071	0.961	-0.254	0.072	0.961	-0.253	0.073	0.961	-0.253	0.074	0.961	-0.254	0.075	0.960	-0.255	0.077	0.960	-0.256	0.079	0.960	-0.255	0.080	0.959	-0.256	0.081	0.960	-0.256	0.082	0.959	-0.256	0.083	0.959	-0.256	0.085	0.959
0	-0.252	0.066	0.963	-0.254	0.068	0.962	-0.254	0.071	0.961	-0.254	0.072	0.961	-0.253	0.073	0.961	-0.253	0.074	0.961	-0.254	0.075	0.960	-0.255	0.077	0.960	-0.256	0.079	0.960	-0.255	0.080	0.959	-0.256	0.081	0.960	-0.256	0.082	0.959	-0.256	0.083	0.959	-0.256	0.085	0.959	-0.256	0.085	0.959
0	-0.254	0.068	0.962	-0.254	0.071	0.961	-0.254	0.072	0.961	-0.253	0.073	0.961	-0.253	0.074	0.961	-0.254	0.075	0.960	-0.255	0.077	0.960	-0.256	0.079	0.960	-0.255	0.080	0.959	-0.256	0.081	0.960	-0.256	0.082	0.959	-0.256	0.083	0.959	-0.256	0.085	0.959	-0.256	0.085	0.959	-0.257	0.086	0.959
0	-0.254	0.071	0.961	-0.254	0.072	0.961	-0.253	0.073	0.961	-0.253	0.074	0.961	-0.254	0.075	0.960	-0.255	0.077	0.960	-0.256	0.079	0.960	-0.255	0.080	0.959	-0.256	0.081	0.960	-0.256	0.082	0.959	-0.256	0.083	0.959	-0.256	0.085	0.959	-0.256	0.085	0.959	-0.257	0.086	0.959	-0.256	0.087	0.959
0	-0.254	0.072	0.961	-0.253	0.073	0.961	-0.253	0.074	0.961	-0.254	0.075	0.960	-0.255	0.077	0.960	-0.256	0.079	0.960	-0.255	0.080	0.959	-0.256	0.081	0.960	-0.256	0.082	0.959	-0.256	0.083	0.959	-0.256	0.085	0.959	-0.256	0.085	0.959	-0.257	0.086	0.959	-0.256	0.087	0.959	-0.257	0.088	0.960
0	-0.253	0.073	0.961	-0.253	0.074	0.961	-0.254	0.075	0.960	-0.255	0.077	0.960	-0.256	0.079	0.960	-0.255	0.080	0.959	-0.256	0.081	0.960	-0.256	0.082	0.959	-0.256	0.083	0.959	-0.256	0.085	0.959	-0.256	0.085	0.959	-0.257	0.086	0.959	-0.256	0.087	0.959	-0.257	0.088	0.960	-0.258	0.089	0.960
0	-0.253	0.074	0.961	-0.254	0.075	0.960	-0.255	0.077	0.960	-0.256	0.079	0.960	-0.255	0.080	0.959	-0.256	0.081	0.960	-0.256	0.082	0.959	-0.256	0.083	0.959	-0.256	0.085	0.959	-0.256	0.085	0.959	-0.257	0.086	0.959	-0.256	0.087	0.959	-0.257	0.088	0.960	-0.258	0.089	0.960	-0.256	0.091	0.959
0	-0.254	0.075	0.960	-0.255	0.077	0.960	-0.256	0.079	0.960	-0.255	0.080	0.959	-0.256	0.081	0.960	-0.256	0.082	0.959	-0.256	0.083	0.959	-0.256	0.085	0.959	-0.256	0.085	0.959	-0.257	0.086	0.959	-0.256	0.087	0.959	-0.257	0.088	0.960	-0.258	0.089	0.960	-0.256	0.091	0.959	-0.255	0.093	0.959
0	-0.255	0.077	0.960	-0.256	0.079	0.960	-0.255	0.080	0.959	-0.256	0.081	0.960	-0.256	0.082	0.959	-0.256	0.083	0.959	-0.256	0.085	0.959	-0.256	0.085	0.959	-0.257	0.086	0.959	-0.256	0.087	0.959	-0.257	0.088	0.960	-0.258	0.089	0.960	-0.256	0.091	0.959	-0.255	0.093	0.959	-0.254	0.095	0.959
0	-0.256	0.079	0.960	-0.255	0.080	0.959	-0.256	0.081	0.960	-0.256	0.082	0.959	-0.256	0.083	0.959	-0.256	0.085	0.959	-0.256	0.085	0.959	-0.257	0.086	0.959	-0.256	0.087	0.959	-0.257	0.088	0.960	-0.258	0.089	0.960	-0.256	0.091	0.959	-0.255	0.093	0.959	-0.254	0.095	0.959	-0.253	0.096	0.959
0	-0.255	0.080	0.959	-0.256	0.081	0.960	-0.256	0.082	0.959	-0.256	0.083	0.959	-0.256	0.085	0.959	-0.256	0.085	0.959	-0.257	0.086	0.959	-0.256	0.087	0.959	-0.257	0.088	0.960	-0.258	0.089	0.960	-0.256	0.091	0.959	-0.255	0.093	0.959	-0.254	0.095	0.959	-0.253	0.096	0.959	-0.252	0.098	0.959
0	-0.256	0.081	0.960	-0.256	0.082	0.959	-0.256	0.083	0.959	-0.256	0.085	0.959	-0.256	0.085	0.959	-0.257	0.086	0.959	-0.256	0.087	0.959	-0.257	0.088	0.960	-0.258	0.089	0.960	-0.256	0.091	0.959	-0.255	0.093	0.959	-0.254	0.095	0.959	-0.253	0.096	0.959	-0.252	0.098	0.959	-0.252	0.099	0.958
0	-0.256	0.082	0.959	-0.256	0.083	0.959	-0.256	0.085	0.959	-0.256	0.085	0.959	-0.257	0.086	0.959	-0.256	0.087	0.959	-0.257	0.088	0.960	-0.258	0.089	0.960	-0.256	0.091	0.959	-0.255	0.093	0.959	-0.254	0.095	0.959	-0.253	0.096	0.959	-0.252	0.098	0.959	-0.252	0.099	0.958	-0.251	0.101	0.956
0	-0.256	0.083	0.959	-0.256	0.085	0.959	-0.256	0.085	0.959	-0.257	0.086	0.959	-0.256	0.087	0.959	-0.257	0.088	0.960	-0.258	0.089	0.960	-0.256	0.091	0.959	-0.255	0.093	0.959	-0.254	0.095	0.959	-0.253	0.096	0.959	-0.252	0.098	0.959	-0.252	0.099	0.958	-0.251	0.101	0.956	-0.252	0.102	0.958
0	-0.256	0.085	0.959	-0.256	0.085	0.959	-0.257	0.086	0.959	-0.256	0.087	0.959	-0.257	0.088	0.960	-0.258	0.089	0.960	-0.256	0.091	0.959	-0.255	0.093	0.959	-0.254	0.095	0.959	-0.253	0.096	0.959	-0.252	0.098	0.959	-0.252	0.099	0.958	-0.251	0.101	0.956	-0.252	0.102	0.958	-0.254	0.103	0.960
0	-0.256	0.085	0.959	-0.257	0.086	0.959	-0.256	0.087	0.959	-0.257	0.088	0.960	-0.258	0.089	0.960	-0.256	0.091	0.959	-0.255	0.093	0.959	-0.254	0.095	0.959	-0.253	0.096	0.959	-0.252	0.098	0.959	-0.252	0.099	0.958	-0.251	0.101	0.956	-0.252	0.102	0.958	-0.254	0.103	0.960	-0.254	0.104	0.961
0	-0.257	0.086	0.959	-0.256	0.087	0.959	-0.257	0.088	0.960	-0.258	0.089	0.960	-0.256	0.091	0.959	-0.255	0.093	0.959	-0.254	0.095	0.959	-0.253	0.096	0.959	-0.252	0.098	0.959	-0.252	0.099	0.958	-0.251	0.101	0.956	-0.252	0.102	0.958	-0.254	0.103	0.960	-0.254	0.104	0.961	-0.252	0.103	0.960
0	-0.256	0.087	0.959	-0.257	0.088	0.960	-0.258	0.089	0.960	-0.256	0.091	0.959	-0.255	0.093	0.959	-0.254	0.095	0.959	-0.253	0.096	0.959	-0.252	0.098	0.959	-0.252	0.099	0.958	-0.251	0.101	0.956	-0.252	0.102	0.958	-0.254	0.103	0.960	-0.254	0.104	0.961	-0.252	0.103	0.960	-0.250	0.104	0.958
0	-0.257	0.088	0.960	-0.258	0.089	0.960	-0.256	0.091	0.959	-0.255	0.093	0.959	-0.254	0.095	0.959	-0.253	0.096	0.959	-0.252	0.098	0.959	-0.252	0.099	0.958	-0.251	0.101	0.956	-0.252	0.102	0.958	-0.254	0.103	0.960	-0.254	0.104	0.961	-0.252	0.103	0.960	-0.250	0.104	0.958	-0.249	0.108	0.956
0	-0.258	0.089	0.960	-0.256	0.091	0.959	-0.255	0.093	0.959	-0.254	0.095	0.959	-0.253	0.096	0.959	-0.252	0.098	0.959	-0.252	0.099	0.958	-0.251	0.101	0.956	-0.252	0.102	0.958	-0.254	0.103	0.960	-0.254	0.104	0.961	-0.252	0.103	0.960	-0.250	0.104	0.958	-0.249	0.108	0.956	-0.241	0.114	0.957
0	-0.256	0.091	0.959	-0.255	0.093	0.959	-0.254	0.095	0.959	-0.253	0.096	0.959	-0.252	0.098	0.959	-0.252	0.099	0.958	-0.251	0.101	0.956	-0.252	0.102	0.958	-0.254	0.103	0.960	-0.254	0.104	0.961	-0.252	0.103	0.960	-0.250	0.104	0.958	-0.249	0.108	0.956	-0.241	0.114	0.957	-0.228	0.121	0.955
0	-0.255	0.093	0.959	-0.254	0.095	0.959	-0.253	0.096	0.959	-0.252	0.098	0.959	-0.252	0.099	0.958	-0.251	0.101	0.956	-0.252	0.102	0.958	-0.254	0.103	0.960	-0.254	0.104	0.961	-0.252	0.103	0.960	-0.250	0.104	0.958	-0.249	0.108	0.956	-0.241	0.114	0.957	-0.228	0.121	0.955	-0.212	0.139	0.952
0	-0.254	0.095	0.959	-0.253	0.096	0.959	-0.252	0.098	0.959	-0.252	0.099	0.958	-0.251	0.101	0.956	-0.252	0.102	0.958	-0.254	0.103	0.960	-0.254	0.104	0.961	-0.252	0.103	0.960	-0.250	0.104	0.958	-0.249	0.108	0.956	-0.241	0.114	0.957	-0.228	0.121	0.955	-0.212	0.139	0.952	-0.195	0.151	0.948
0	-0.253	0.096	0.959	-0.252	0.098	0.959	-0.252	0.099	0.958	-0.251	0.101	0.956	-0.252	0.102	0.958	-0.254	0.103	0.960	-0.254	0.104	0.961	-0.252	0.103	0.960	-0.250	0.104	0.958	-0.249	0.108	0.956	-0.241	0.114	0.957	-0.228	0.121	0.955	-0.212	0.139	0.952	-0.195	0.151	0.948	-0.186	0.168	0.946
0	-0.252	0.098	0.959	-0.252	0.099	0.958	-0.251	0.101	0.956	-0.252	0.102	0.958	-0.254	0.103	0.960	-0.254	0.104	0.961	-0.252	0.103	0.960	-0.250	0.104	0.958	-0.249	0.108	0.956	-0.241	0.114	0.957	-0.228	0.121	0.955	-0.212	0.139	0.952	-0.195	0.151	0.948	-0.186	0.168	0.946	-0.171	0.191	0.945
0	-0.252	0.099	0.958	-0.251	0.101	0.956	-0.252	0.102	0.958	-0.254	0.103	0.960	-0.254	0.104	0.961	-0.252	0.103	0.960	-0.250	0.104	0.958	-0.249	0.108	0.956	-0.241	0.114	0.957	-0.228	0.121	0.955	-0.212	0.139	0.952	-0.195	0.151	0.948	-0.186	0.168	0.946	-0.171	0.191	0.945	-0.147	0.218	0.945
0	-0.251	0.101	0.956	-0.252	0.102	0.958	-0.254	0.103	0.960	-0.254	0.104	0.961	-0.252	0.103	0.960	-0.250	0.104	0.958	-0.249	0.108	0.956	-0.241	0.114	0.957	-0.228	0.121	0.955	-0.212	0.139	0.952	-0.195	0.151	0.948	-0.186	0.168	0.946	-0.171	0.191	0.945	-0.147	0.218	0.945	-0.110	0.240	0.936
0	-0.252	0.102	0.958	-0.254	0.103	0.960	-0.254	0.104	0.961	-0.252	0.103	0.960	-0.250	0.104	0.958	-0.249	0.108	0.956	-0.241	0.114	0.957	-0.228	0.121	0.955	-0.212	0.139	0.952	-0.195	0.151	0.948	-0.186	0.168	0.946	-0.171	0.191	0.945	-0.147	0.218	0.945	-0.110	0.240	0.936	-0.091	0.249	0.928
0	-0.254	0.103	0.960	-0.254	0.104	0.961	-0.252	0.103	0.960	-0.250	0.104	0.958	-0.249	0.108	0.956	-0.241	0.114	0.957	-0.228	0.121	0.955	-0.212	0.139	0.952	-0.195	0.151	0.948	-0.186	0.168	0.946	-0.171	0.191	0.945	-0.147	0.218	0.945	-0.110	0.240	0.936	-0.091	0.249	0.928	-0.075	0.279	0.919
0	-0.254	0.104	0.961	-0.252	0.103	0.960	-0.250	0.104	0.958	-0.249	0.108	0.956	-0.241	0.114	0.957	-0.228	0.121	0.955	-0.212	0.139	0.952	-0.195	0.151	0.948	-0.186	0.168	0.946	-0.171	0.191	0.945	-0.147	0.218	0.945	-0.110	0.240	0.936	-0.091	0.249	0.928	-0.075	0.279	0.919	-0.073	0.302	0.912
0	-0.252	0.103	0.960	-0.250	0.104	0.958	-0.249	0.108	0.956	-0.241	0.114	0.957	-0.228	0.121	0.955	-0.212	0.139	0.952	-0.195	0.151	0.948	-0.186	0.168	0.946	-0.171	0.191	0.945	-0.147	0.218	0.945	-0.110	0.240	0.936	-0.091	0.249	0.928	-0.075	0.279	0.919	-0.073	0.302	0.912	-0.059	0.326	0.908
0	-0.250	0.104	0.958	-0.249	0.108	0.956	-0.241	0.114	0.957	-0.228	0.121	0.955	-0.212	0.139	0.952	-0.195	0.151	0.948	-0.186	0.168	0.946	-0.171	0.191	0.945	-0.147	0.218	0.945	-0.110	0.240	0.936	-0.091	0.249	0.928	-0.075	0.279	0.919	-0.073	0.302	0.912	-0.059	0.326	0.908	-0.049	0.351	0.904
0	-0.249	0.108	0.956	-0.241	0.114	0.957	-0.228	0.121	0.955	-0.212	0.139	0.952	-0.195	0.151	0.948	-0.186	0.168	0.946	-0.171	0.191	0.945	-0.147	0.218	0.945	-0.110	0.240	0.936	-0.091	0.249	0.928	-0.075	0.279	0.919	-0.073	0.302	0.912	-0.059	0.326	0.908	-0.049	0.351	0.904	-0.038	0.374	0.901
0	-0.241	0.114	0.957	-0.228	0.121	0.955	-0.212	0.139	0.952	-0.195	0.151	0.948	-0.186	0.168	0.946	-0.171	0.191	0.945	-0.147	0.218	0.945	-0.110	0.240	0.936	-0.091	0.249	0.928	-0.075	0.279	0.919	-0.073	0.302	0.912	-0.059	0.326	0.908	-0.049	0.351	0.904	-0.038	0.374	0.901	-0.036	0.400	0.896
0	-0.228	0.121	0.955	-0.212	0.139	0.952	-0.195	0.151	0.948	-0.186	0.168	0.946	-0.171	0.191	0.945	-0.147	0.218	0.945	-0.110	0.240	0.936	-0.091	0.249	0.928	-0.075	0.279	0.919	-0.073	0.302	0.912	-0.059	0.326	0.908	-0.049	0.351	0.904	-0.038	0.374	0.901	-0.036	0.400	0.896	-0.039	0.422	0.896
0	-0.212	0.139	0.952	-0.195	0.151	0.948	-0.186	0.168	0.946	-0.171	0.191	0.945	-0.147	0.218	0.945	-0.110	0.240	0.936	-0.091	0.249	0.928	-0.075	0.279	0.919	-0.073	0.302	0.912	-0.059	0.326	0.908	-0.049	0.351	0.904	-0.038	0.374	0.901	-0.036	0.400	0.896	-0.039	0.422	0.896	-0.046	0.425	0.891
0	-0.195	0.151	0.948	-0.186	0.168	0.946	-0.171	0.191	0.945	-0.147	0.218	0.945	-0.110	0.240	0.936	-0.091	0.249	0.928	-0.075	0.279	0.919	-0.073	0.302	0.912	-0.059	0.326	0.908	-0.049	0.351	0.904	-0.038	0.374	0.901	-0.036	0.400	0.896	-0.039	0.422	0.896	-0.046	0.425	0.891	-0.042	0.430	0.890
0	-0.186	0.168	0.946	-0.171	0.191	0.945	-0.147	0.218	0.945	-0.110	0.240	0.936	-0.091	0.249	0.928	-0.075	0.279	0.919	-0.073	0.302	0.912	-0.059	0.326	0.908	-0.049	0.351	0.904	-0.038	0.374	0.901	-0.036	0.400	0.896	-0.039	0.422	0.896	-0.046	0.425	0.891	-0.042	0.430	0.890	-0.043	0.445	0.888
0	-0.171	0.191	0.945	-0.147	0.218	0.945	-0.110	0.240	0.936	-0.091	0.249	0.928	-0.075	0.279	0.919	-0.073	0.302	0.912	-0.059	0.326	0.908	-0.049	0.351	0.904	-0.038	0.374	0.901	-0.036	0.400	0.896	-0.039	0.422	0.896	-0.046	0.425	0.891	-0.042	0.430	0.890	-0.043	0.445	0.888	-0.039	0.452	0.882
0	-0.147	0.218	0.945	-0.110	0.240	0.936	-0.091	0.249	0.928	-0.075	0.279	0.919	-0.073	0.302	0.912	-0.059	0.326	0.908	-0.049	0.351	0.904	-0.038	0.374	0.901	-0.036	0.400	0.896	-0.039	0.422	0.896	-0.046	0.425	0.891	-0.042	0.430	0.890	-0.043	0.445	0.888	-0.039	0.452	0.882	-0.041	0.453	0.873
0	-0.110	0.240	0.936	-0.091	0.249	0.928	-0.075	0.279	0.919	-0.073	0.302	0.912	-0.059	0.326	0.908	-0.049	0.351	0.904	-0.038	0.374	0.901	-0.036	0.400	0.896	-0.039	0.422	0.896	-0.046	0.425	0.891	-0.042	0.430	0.890	-0.043	0.445	0.888	-0.039	0.452	0.882	-0.041	0.453	0.873	-0.044	0.448	0.866
0	-0.091	0.249	0.928	-0.075	0.279	0.919	-0.073	0.302	0.912	-0.059	0.326	0.908	-0.049	0.351	0.904	-0.038	0.374	0.901	-0.036	0.400	0.896	-0.039	0.422	0.896	-0.046	0.425	0.891	-0.042	0.430	0.890	-0.043	0.445	0.888	-0.039	0.452	0.882	-0.041	0.453	0.873	-0.044	0.448	0.866	-0.061	0.445	0.864
0	-0.075	0.279	0.919	-0.073	0.302	0.912	-0.059	0.326	0.908	-0.049	0.351	0.904	-0.038	0.374	0.901	-0.036	0.400	0.896	-0.039	0.422	0.896	-0.046	0.425	0.891	-0.042	0.430	0.890	-0.043	0.445	0.888	-0.039	0.452	0.882	-0.041	0.453	0.873	-0.044	0.448	0.866	-0.061	0.445	0.864	-0.064	0.455	0.853
0	-0.073	0.302	0.912	-0.059	0.326	0.908	-0.049	0.351	0.904	-0.038	0.374	0.901	-0.036	0.400	0.896	-0.039	0.422	0.896	-0.046	0.425	0.891	-0.042	0.430	0.890	-0.043	0.445	0.888	-0.039	0.452	0.882	-0.041	0.453	0.873	-0.044	0.448	0.866	-0.061	0.445	0.864	-0.064	0.455	0.853	-0.069	0.464	0.860
0	-0.059	0.326	0.908	-0.049	0.351	0.904	-0.038	0.374	0.901	-0.036	0.400	0.896	-0.039	0.422	0.896	-0.046	0.425	0.891	-0.042	0.430	0.890	-0.043	0.445	0.888	-0.039	0.452	0.882	-0.041	0.453	0.873	-0.044	0.448	0.866	-0.061	0.445	0.864	-0.064	0.455	0.853	-0.069	0.464	0.860	-0.059	0.479	0.863
