0	-0.410	1.494	0.173	-0.409	1.423	0.164	0.230	1.458	0.102	-0.131	1.186	0.229	-0.491	1.028	0.425	-0.363	0.827	0.518	-0.442	0.662	0.546	-0.333	0.623	0.451	-0.325	0.456	0.539	-0.382	0.444	0.420	-0.264	0.415	0.518	-0.058	0.349	0.662	0.018	0.424	0.804	0.004	0.263	0.664	-0.157	0.188	0.872
1	-0.409	1.423	0.164	0.230	1.458	0.102	-0.131	1.186	0.229	-0.491	1.028	0.425	-0.363	0.827	0.518	-0.442	0.662	0.546	-0.333	0.623	0.451	-0.325	0.456	0.539	-0.382	0.444	0.420	-0.264	0.415	0.518	-0.058	0.349	0.662	0.018	0.424	0.804	0.004	0.263	0.664	-0.157	0.188	0.872	-0.156	0.275	1.030
1	0.230	1.458	0.102	-0.131	1.186	0.229	-0.491	1.028	0.425	-0.363	0.827	0.518	-0.442	0.662	0.546	-0.333	0.623	0.451	-0.325	0.456	0.539	-0.382	0.444	0.420	-0.264	0.415	0.518	-0.058	0.349	0.662	0.018	0.424	0.804	0.004	0.263	0.664	-0.157	0.188	0.872	-0.156	0.275	1.030	-0.075	0.252	0.931
1	-0.131	1.186	0.229	-0.491	1.028	0.425	-0.363	0.827	0.518	-0.442	0.662	0.546	-0.333	0.623	0.451	-0.325	0.456	0.539	-0.382	0.444	0.420	-0.264	0.415	0.518	-0.058	0.349	0.662	0.018	0.424	0.804	0.004	0.263	0.664	-0.157	0.188	0.872	-0.156	0.275	1.030	-0.075	0.252	0.931	-0.119	0.126	0.824
1	-0.491	1.028	0.425	-0.363	0.827	0.518	-0.442	0.662	0.546	-0.333	0.623	0.451	-0.325	0.456	0.539	-0.382	0.444	0.420	-0.264	0.415	0.518	-0.058	0.349	0.662	0.018	0.424	0.804	0.004	0.263	0.664	-0.157	0.188	0.872	-0.156	0.275	1.030	-0.075	0.252	0.931	-0.119	0.126	0.824	-0.150	0.116	0.904
1	-0.363	0.827	0.518	-0.442	0.662	0.546	-0.333	0.623	0.451	-0.325	0.456	0.539	-0.382	0.444	0.420	-0.264	0.415	0.518	-0.058	0.349	0.662	0.018	0.424	0.804	0.004	0.263	0.664	-0.157	0.188	0.872	-0.156	0.275	1.030	-0.075	0.252	0.931	-0.119	0.126	0.824	-0.150	0.116	0.904	-0.241	0.059	0.962
1	-0.442	0.662	0.546	-0.333	0.623	0.451	-0.325	0.456	0.539	-0.382	0.444	0.420	-0.264	0.415	0.518	-0.058	0.349	0.662	0.018	0.424	0.804	0.004	0.263	0.664	-0.157	0.188	0.872	-0.156	0.275	1.030	-0.075	0.252	0.931	-0.119	0.126	0.824	-0.150	0.116	0.904	-0.241	0.059	0.962	-0.245	0.032	0.929
1	-0.333	0.623	0.451	-0.325	0.456	0.539	-0.382	0.444	0.420	-0.264	0.415	0.518	-0.058	0.349	0.662	0.018	0.424	0.804	0.004	0.263	0.664	-0.157	0.188	0.872	-0.156	0.275	1.030	-0.075	0.252	0.931	-0.119	0.126	0.824	-0.150	0.116	0.904	-0.241	0.059	0.962	-0.245	0.032	0.929	-0.208	0.013	0.942
1	-0.325	0.456	0.539	-0.382	0.444	0.420	-0.264	0.415	0.518	-0.058	0.349	0.662	0.018	0.424	0.804	0.004	0.263	0.664	-0.157	0.188	0.872	-0.156	0.275	1.030	-0.075	0.252	0.931	-0.119	0.126	0.824	-0.150	0.116	0.904	-0.241	0.059	0.962	-0.245	0.032	0.929	-0.208	0.013	0.942	-0.177	0.035	0.999
1	-0.382	0.444	0.420	-0.264	0.415	0.518	-0.058	0.349	0.662	0.018	0.424	0.804	0.004	0.263	0.664	-0.157	0.188	0.872	-0.156	0.275	1.030	-0.075	0.252	0.931	-0.119	0.126	0.824	-0.150	0.116	0.904	-0.241	0.059	0.962	-0.245	0.032	0.929	-0.208	0.013	0.942	-0.177	0.035	0.999	-0.187	0.104	0.985
1	-0.264	0.415	0.518	-0.058	0.349	0.662	0.018	0.424	0.804	0.004	0.263	0.664	-0.157	0.188	0.872	-0.156	0.275	1.030	-0.075	0.252	0.931	-0.119	0.126	0.824	-0.150	0.116	0.904	-0.241	0.059	0.962	-0.245	0.032	0.929	-0.208	0.013	0.942	-0.177	0.035	0.999	-0.187	0.104	0.985	-0.233	0.063	0.900
1	-0.058	0.349	0.662	0.018	0.424	0.804	0.004	0.263	0.664	-0.157	0.188	0.872	-0.156	0.275	1.030	-0.075	0.252	0.931	-0.119	0.126	0.824	-0.150	0.116	0.904	-0.241	0.059	0.962	-0.245	0.032	0.929	-0.208	0.013	0.942	-0.177	0.035	0.999	-0.187	0.104	0.985	-0.233	0.063	0.900	-0.202	0.003	0.927
1	0.018	0.424	0.804	0.004	0.263	0.664	-0.157	0.188	0.872	-0.156	0.275	1.030	-0.075	0.252	0.931	-0.119	0.126	0.824	-0.150	0.116	0.904	-0.241	0.059	0.962	-0.245	0.032	0.929	-0.208	0.013	0.942	-0.177	0.035	0.999	-0.187	0.104	0.985	-0.233	0.063	0.900	-0.202	0.003	0.927	-0.286	0.108	0.933
1	0.004	0.263	0.664	-0.157	0.188	0.872	-0.156	0.275	1.030	-0.075	0.252	0.931	-0.119	0.126	0.824	-0.150	0.116	0.904	-0.241	0.059	0.962	-0.245	0.032	0.929	-0.208	0.013	0.942	-0.177	0.035	0.999	-0.187	0.104	0.985	-0.233	0.063	0.900	-0.202	0.003	0.927	-0.286	0.108	0.933	-0.264	0.041	0.990
1	-0.157	0.188	0.872	-0.156	0.275	1.030	-0.075	0.252	0.931	-0.119	0.126	0.824	-0.150	0.116	0.904	-0.241	0.059	0.962	-0.245	0.032	0.929	-0.208	0.013	0.942	-0.177	0.035	0.999	-0.187	0.104	0.985	-0.233	0.063	0.900	-0.202	0.003	0.927	-0.286	0.108	0.933	-0.264	0.041	0.990	-0.264	0.097	0.968
1	-0.156	0.275	1.030	-0.075	0.252	0.931	-0.119	0.126	0.824	-0.150	0.116	0.904	-0.241	0.059	0.962	-0.245	0.032	0.929	-0.208	0.013	0.942	-0.177	0.035	0.999	-0.187	0.104	0.985	-0.233	0.063	0.900	-0.202	0.003	0.927	-0.286	0.108	0.933	-0.264	0.041	0.990	-0.264	0.097	0.968	-0.236	0.062	0.962
0	-0.075	0.252	0.931	-0.119	0.126	0.824	-0.150	0.116	0.904	-0.241	0.059	0.962	-0.245	0.032	0.929	-0.208	0.013	0.942	-0.177	0.035	0.999	-0.187	0.104	0.985	-0.233	0.063	0.900	-0.202	0.003	0.927	-0.286	0.108	0.933	-0.264	0.041	0.990	-0.264	0.097	0.968	-0.236	0.062	0.962	-0.237	0.072	0.974
0	-0.119	0.126	0.824	-0.150	0.116	0.904	-0.241	0.059	0.962	-0.245	0.032	0.929	-0.208	0.013	0.942	-0.177	0.035	0.999	-0.187	0.104	0.985	-0.233	0.063	0.900	-0.202	0.003	0.927	-0.286	0.108	0.933	-0.264	0.041	0.990	-0.264	0.097	0.968	-0.236	0.062	0.962	-0.237	0.072	0.974	-0.252	0.037	0.966
0	-0.150	0.116	0.904	-0.241	0.059	0.962	-0.245	0.032	0.929	-0.208	0.013	0.942	-0.177	0.035	0.999	-0.187	0.104	0.985	-0.233	0.063	0.900	-0.202	0.003	0.927	-0.286	0.108	0.933	-0.264	0.041	0.990	-0.264	0.097	0.968	-0.236	0.062	0.962	-0.237	0.072	0.974	-0.252	0.037	0.966	-0.222	0.032	0.953
0	-0.241	0.059	0.962	-0.245	0.032	0.929	-0.208	0.013	0.942	-0.177	0.035	0.999	-0.187	0.104	0.985	-0.233	0.063	0.900	-0.202	0.003	0.927	-0.286	0.108	0.933	-0.264	0.041	0.990	-0.264	0.097	0.968	-0.236	0.062	0.962	-0.237	0.072	0.974	-0.252	0.037	0.966	-0.222	0.032	0.953	-0.277	0.065	0.974
0	-0.245	0.032	0.929	-0.208	0.013	0.942	-0.177	0.035	0.999	-0.187	0.104	0.985	-0.233	0.063	0.900	-0.202	0.003	0.927	-0.286	0.108	0.933	-0.264	0.041	0.990	-0.264	0.097	0.968	-0.236	0.062	0.962	-0.237	0.072	0.974	-0.252	0.037	0.966	-0.222	0.032	0.953	-0.277	0.065	0.974	-0.232	0.046	0.978
0	-0.208	0.013	0.942	-0.177	0.035	0.999	-0.187	0.104	0.985	-0.233	0.063	0.900	-0.202	0.003	0.927	-0.286	0.108	0.933	-0.264	0.041	0.990	-0.264	0.097	0.968	-0.236	0.062	0.962	-0.237	0.072	0.974	-0.252	0.037	0.966	-0.222	0.032	0.953	-0.277	0.065	0.974	-0.232	0.046	0.978	-0.249	0.041	0.973
0	-0.177	0.035	0.999	-0.187	0.104	0.985	-0.233	0.063	0.900	-0.202	0.003	0.927	-0.286	0.108	0.933	-0.264	0.041	0.990	-0.264	0.097	0.968	-0.236	0.062	0.962	-0.237	0.072	0.974	-0.252	0.037	0.966	-0.222	0.032	0.953	-0.277	0.065	0.974	-0.232	0.046	0.978	-0.249	0.041	0.973	-0.267	0.047	0.970
0	-0.187	0.104	0.985	-0.233	0.063	0.900	-0.202	0.003	0.927	-0.286	0.108	0.933	-0.264	0.041	0.990	-0.264	0.097	0.968	-0.236	0.062	0.962	-0.237	0.072	0.974	-0.252	0.037	0.966	-0.222	0.032	0.953	-0.277	0.065	0.974	-0.232	0.046	0.978	-0.249	0.041	0.973	-0.267	0.047	0.970	-0.259	0.041	0.967
0	-0.233	0.063	0.900	-0.202	0.003	0.927	-0.286	0.108	0.933	-0.264	0.041	0.990	-0.264	0.097	0.968	-0.236	0.062	0.962	-0.237	0.072	0.974	-0.252	0.037	0.966	-0.222	0.032	0.953	-0.277	0.065	0.974	-0.232	0.046	0.978	-0.249	0.041	0.973	-0.267	0.047	0.970	-0.259	0.041	0.967	-0.250	0.031	0.960
0	-0.202	0.003	0.927	-0.286	0.108	0.933	-0.264	0.041	0.990	-0.264	0.097	0.968	-0.236	0.062	0.962	-0.237	0.072	0.974	-0.252	0.037	0.966	-0.222	0.032	0.953	-0.277	0.065	0.974	-0.232	0.046	0.978	-0.249	0.041	0.973	-0.267	0.047	0.970	-0.259	0.041	0.967	-0.250	0.031	0.960	-0.255	0.027	0.975
0	-0.286	0.108	0.933	-0.264	0.041	0.990	-0.264	0.097	0.968	-0.236	0.062	0.962	-0.237	0.072	0.974	-0.252	0.037	0.966	-0.222	0.032	0.953	-0.277	0.065	0.974	-0.232	0.046	0.978	-0.249	0.041	0.973	-0.267	0.047	0.970	-0.259	0.041	0.967	-0.250	0.031	0.960	-0.255	0.027	0.975	-0.253	0.036	0.965
0	-0.264	0.041	0.990	-0.264	0.097	0.968	-0.236	0.062	0.962	-0.237	0.072	0.974	-0.252	0.037	0.966	-0.222	0.032	0.953	-0.277	0.065	0.974	-0.232	0.046	0.978	-0.249	0.041	0.973	-0.267	0.047	0.970	-0.259	0.041	0.967	-0.250	0.031	0.960	-0.255	0.027	0.975	-0.253	0.036	0.965	-0.259	0.046	0.954
0	-0.264	0.097	0.968	-0.236	0.062	0.962	-0.237	0.072	0.974	-0.252	0.037	0.966	-0.222	0.032	0.953	-0.277	0.065	0.974	-0.232	0.046	0.978	-0.249	0.041	0.973	-0.267	0.047	0.970	-0.259	0.041	0.967	-0.250	0.031	0.960	-0.255	0.027	0.975	-0.253	0.036	0.965	-0.259	0.046	0.954	-0.252	0.043	0.960
0	-0.236	0.062	0.962	-0.237	0.072	0.974	-0.252	0.037	0.966	-0.222	0.032	0.953	-0.277	0.065	0.974	-0.232	0.046	0.978	-0.249	0.041	0.973	-0.267	0.047	0.970	-0.259	0.041	0.967	-0.250	0.031	0.960	-0.255	0.027	0.975	-0.253	0.036	0.965	-0.259	0.046	0.954	-0.252	0.043	0.960	-0.250	0.047	0.961
0	-0.237	0.072	0.974	-0.252	0.037	0.966	-0.222	0.032	0.953	-0.277	0.065	0.974	-0.232	0.046	0.978	-0.249	0.041	0.973	-0.267	0.047	0.970	-0.259	0.041	0.967	-0.250	0.031	0.960	-0.255	0.027	0.975	-0.253	0.036	0.965	-0.259	0.046	0.954	-0.252	0.043	0.960	-0.250	0.047	0.961	-0.254	0.055	0.981
0	-0.252	0.037	0.966	-0.222	0.032	0.953	-0.277	0.065	0.974	-0.232	0.046	0.978	-0.249	0.041	0.973	-0.267	0.047	0.970	-0.259	0.041	0.967	-0.250	0.031	0.960	-0.255	0.027	0.975	-0.253	0.036	0.965	-0.259	0.046	0.954	-0.252	0.043	0.960	-0.250	0.047	0.961	-0.254	0.055	0.981	-0.244	0.064	0.963
0	-0.222	0.032	0.953	-0.277	0.065	0.974	-0.232	0.046	0.978	-0.249	0.041	0.973	-0.267	0.047	0.970	-0.259	0.041	0.967	-0.250	0.031	0.960	-0.255	0.027	0.975	-0.253	0.036	0.965	-0.259	0.046	0.954	-0.252	0.043	0.960	-0.250	0.047	0.961	-0.254	0.055	0.981	-0.244	0.064	0.963	-0.238	0.053	0.963
0	-0.277	0.065	0.974	-0.232	0.046	0.978	-0.249	0.041	0.973	-0.267	0.047	0.970	-0.259	0.041	0.967	-0.250	0.031	0.960	-0.255	0.027	0.975	-0.253	0.036	0.965	-0.259	0.046	0.954	-0.252	0.043	0.960	-0.250	0.047	0.961	-0.254	0.055	0.981	-0.244	0.064	0.963	-0.238	0.053	0.963	-0.247	0.065	0.955
0	-0.232	0.046	0.978	-0.249	0.041	0.973	-0.267	0.047	0.970	-0.259	0.041	0.967	-0.250	0.031	0.960	-0.255	0.027	0.975	-0.253	0.036	0.965	-0.259	0.046	0.954	-0.252	0.043	0.960	-0.250	0.047	0.961	-0.254	0.055	0.981	-0.244	0.064	0.963	-0.238	0.053	0.963	-0.247	0.065	0.955	-0.249	0.054	0.965
0	-0.249	0.041	0.973	-0.267	0.047	0.970	-0.259	0.041	0.967	-0.250	0.031	0.960	-0.255	0.027	0.975	-0.253	0.036	0.965	-0.259	0.046	0.954	-0.252	0.043	0.960	-0.250	0.047	0.961	-0.254	0.055	0.981	-0.244	0.064	0.963	-0.238	0.053	0.963	-0.247	0.065	0.955	-0.249	0.054	0.965	-0.240	0.051	0.970
0	-0.267	0.047	0.970	-0.259	0.041	0.967	-0.250	0.031	0.960	-0.255	0.027	0.975	-0.253	0.036	0.965	-0.259	0.046	0.954	-0.252	0.043	0.960	-0.250	0.047	0.961	-0.254	0.055	0.981	-0.244	0.064	0.963	-0.238	0.053	0.963	-0.247	0.065	0.955	-0.249	0.054	0.965	-0.240	0.051	0.970	-0.243	0.049	0.961
0	-0.259	0.041	0.967	-0.250	0.031	0.960	-0.255	0.027	0.975	-0.253	0.036	0.965	-0.259	0.046	0.954	-0.252	0.043	0.960	-0.250	0.047	0.961	-0.254	0.055	0.981	-0.244	0.064	0.963	-0.238	0.053	0.963	-0.247	0.065	0.955	-0.249	0.054	0.965	-0.240	0.051	0.970	-0.243	0.049	0.961	-0.248	0.058	0.959
0	-0.250	0.031	0.960	-0.255	0.027	0.975	-0.253	0.036	0.965	-0.259	0.046	0.954	-0.252	0.043	0.960	-0.250	0.047	0.961	-0.254	0.055	0.981	-0.244	0.064	0.963	-0.238	0.053	0.963	-0.247	0.065	0.955	-0.249	0.054	0.965	-0.240	0.051	0.970	-0.243	0.049	0.961	-0.248	0.058	0.959	-0.265	0.066	0.961
0	-0.255	0.027	0.975	-0.253	0.036	0.965	-0.259	0.046	0.954	-0.252	0.043	0.960	-0.250	0.047	0.961	-0.254	0.055	0.981	-0.244	0.064	0.963	-0.238	0.053	0.963	-0.247	0.065	0.955	-0.249	0.054	0.965	-0.240	0.051	0.970	-0.243	0.049	0.961	-0.248	0.058	0.959	-0.265	0.066	0.961	-0.259	0.067	0.971
0	-0.253	0.036	0.965	-0.259	0.046	0.954	-0.252	0.043	0.960	-0.250	0.047	0.961	-0.254	0.055	0.981	-0.244	0.064	0.963	-0.238	0.053	0.963	-0.247	0.065	0.955	-0.249	0.054	0.965	-0.240	0.051	0.970	-0.243	0.049	0.961	-0.248	0.058	0.959	-0.265	0.066	0.961	-0.259	0.067	0.971	-0.249	0.056	0.970
0	-0.259	0.046	0.954	-0.252	0.043	0.960	-0.250	0.047	0.961	-0.254	0.055	0.981	-0.244	0.064	0.963	-0.238	0.053	0.963	-0.247	0.065	0.955	-0.249	0.054	0.965	-0.240	0.051	0.970	-0.243	0.049	0.961	-0.248	0.058	0.959	-0.265	0.066	0.961	-0.259	0.067	0.971	-0.249	0.056	0.970	-0.253	0.058	0.962
0	-0.252	0.043	0.960	-0.250	0.047	0.961	-0.254	0.055	0.981	-0.244	0.064	0.963	-0.238	0.053	0.963	-0.247	0.065	0.955	-0.249	0.054	0.965	-0.240	0.051	0.970	-0.243	0.049	0.961	-0.248	0.058	0.959	-0.265	0.066	0.961	-0.259	0.067	0.971	-0.249	0.056	0.970	-0.253	0.058	0.962	-0.253	0.060	0.957
0	-0.250	0.047	0.961	-0.254	0.055	0.981	-0.244	0.064	0.963	-0.238	0.053	0.963	-0.247	0.065	0.955	-0.249	0.054	0.965	-0.240	0.051	0.970	-0.243	0.049	0.961	-0.248	0.058	0.959	-0.265	0.066	0.961	-0.259	0.067	0.971	-0.249	0.056	0.970	-0.253	0.058	0.962	-0.253	0.060	0.957	-0.259	0.064	0.967
0	-0.254	0.055	0.981	-0.244	0.064	0.963	-0.238	0.053	0.963	-0.247	0.065	0.955	-0.249	0.054	0.965	-0.240	0.051	0.970	-0.243	0.049	0.961	-0.248	0.058	0.959	-0.265	0.066	0.961	-0.259	0.067	0.971	-0.249	0.056	0.970	-0.253	0.058	0.962	-0.253	0.060	0.957	-0.259	0.064	0.967	-0.249	0.072	0.957
0	-0.244	0.064	0.963	-0.238	0.053	0.963	-0.247	0.065	0.955	-0.249	0.054	0.965	-0.240	0.051	0.970	-0.243	0.049	0.961	-0.248	0.058	0.959	-0.265	0.066	0.961	-0.259	0.067	0.971	-0.249	0.056	0.970	-0.253	0.058	0.962	-0.253	0.060	0.957	-0.259	0.064	0.967	-0.249	0.072	0.957	-0.254	0.073	0.960
0	-0.238	0.053	0.963	-0.247	0.065	0.955	-0.249	0.054	0.965	-0.240	0.051	0.970	-0.243	0.049	0.961	-0.248	0.058	0.959	-0.265	0.066	0.961	-0.259	0.067	0.971	-0.249	0.056	0.970	-0.253	0.058	0.962	-0.253	0.060	0.957	-0.259	0.064	0.967	-0.249	0.072	0.957	-0.254	0.073	0.960	-0.251	0.075	0.962
0	-0.247	0.065	0.955	-0.249	0.054	0.965	-0.240	0.051	0.970	-0.243	0.049	0.961	-0.248	0.058	0.959	-0.265	0.066	0.961	-0.259	0.067	0.971	-0.249	0.056	0.970	-0.253	0.058	0.962	-0.253	0.060	0.957	-0.259	0.064	0.967	-0.249	0.072	0.957	-0.254	0.073	0.960	-0.251	0.075	0.962	-0.258	0.079	0.961
0	-0.249	0.054	0.965	-0.240	0.051	0.970	-0.243	0.049	0.961	-0.248	0.058	0.959	-0.265	0.066	0.961	-0.259	0.067	0.971	-0.249	0.056	0.970	-0.253	0.058	0.962	-0.253	0.060	0.957	-0.259	0.064	0.967	-0.249	0.072	0.957	-0.254	0.073	0.960	-0.251	0.075	0.962	-0.258	0.079	0.961	-0.254	0.084	0.955
0	-0.240	0.051	0.970	-0.243	0.049	0.961	-0.248	0.058	0.959	-0.265	0.066	0.961	-0.259	0.067	0.971	-0.249	0.056	0.970	-0.253	0.058	0.962	-0.253	0.060	0.957	-0.259	0.064	0.967	-0.249	0.072	0.957	-0.254	0.073	0.960	-0.251	0.075	0.962	-0.258	0.079	0.961	-0.254	0.084	0.955	-0.250	0.079	0.971
0	-0.243	0.049	0.961	-0.248	0.058	0.959	-0.265	0.066	0.961	-0.259	0.067	0.971	-0.249	0.056	0.970	-0.253	0.058	0.962	-0.253	0.060	0.957	-0.259	0.064	0.967	-0.249	0.072	0.957	-0.254	0.073	0.960	-0.251	0.075	0.962	-0.258	0.079	0.961	-0.254	0.084	0.955	-0.250	0.079	0.971	-0.261	0.086	0.957
0	-0.248	0.058	0.959	-0.265	0.066	0.961	-0.259	0.067	0.971	-0.249	0.056	0.970	-0.253	0.058	0.962	-0.253	0.060	0.957	-0.259	0.064	0.967	-0.249	0.072	0.957	-0.254	0.073	0.960	-0.251	0.075	0.962	-0.258	0.079	0.961	-0.254	0.084	0.955	-0.250	0.079	0.971	-0.261	0.086	0.957	-0.240	0.081	0.950
0	-0.265	0.066	0.961	-0.259	0.067	0.971	-0.249	0.056	0.970	-0.253	0.058	0.962	-0.253	0.060	0.957	-0.259	0.064	0.967	-0.249	0.072	0.957	-0.254	0.073	0.960	-0.251	0.075	0.962	-0.258	0.079	0.961	-0.254	0.084	0.955	-0.250	0.079	0.971	-0.261	0.086	0.957	-0.240	0.081	0.950	-0.248	0.082	0.951
0	-0.259	0.067	0.971	-0.249	0.056	0.970	-0.253	0.058	0.962	-0.253	0.060	0.957	-0.259	0.064	0.967	-0.249	0.072	0.957	-0.254	0.073	0.960	-0.251	0.075	0.962	-0.258	0.079	0.961	-0.254	0.084	0.955	-0.250	0.079	0.971	-0.261	0.086	0.957	-0.240	0.081	0.950	-0.248	0.082	0.951	-0.264	0.081	0.968
0	-0.249	0.056	0.970	-0.253	0.058	0.962	-0.253	0.060	0.957	-0.259	0.064	0.967	-0.249	0.072	0.957	-0.254	0.073	0.960	-0.251	0.075	0.962	-0.258	0.079	0.961	-0.254	0.084	0.955	-0.250	0.079	0.971	-0.261	0.086	0.957	-0.240	0.081	0.950	-0.248	0.082	0.951	-0.264	0.081	0.968	-0.258	0.077	0.961
0	-0.253	0.058	0.962	-0.253	0.060	0.957	-0.259	0.064	0.967	-0.249	0.072	0.957	-0.254	0.073	0.960	-0.251	0.075	0.962	-0.258	0.079	0.961	-0.254	0.084	0.955	-0.250	0.079	0.971	-0.261	0.086	0.957	-0.240	0.081	0.950	-0.248	0.082	0.951	-0.264	0.081	0.968	-0.258	0.077	0.961	-0.262	0.077	0.960
0	-0.253	0.060	0.957	-0.259	0.064	0.967	-0.249	0.072	0.957	-0.254	0.073	0.960	-0.251	0.075	0.962	-0.258	0.079	0.961	-0.254	0.084	0.955	-0.250	0.079	0.971	-0.261	0.086	0.957	-0.240	0.081	0.950	-0.248	0.082	0.951	-0.264	0.081	0.968	-0.258	0.077	0.961	-0.262	0.077	0.960	-0.266	0.084	0.967
0	-0.259	0.064	0.967	-0.249	0.072	0.957	-0.254	0.073	0.960	-0.251	0.075	0.962	-0.258	0.079	0.961	-0.254	0.084	0.955	-0.250	0.079	0.971	-0.261	0.086	0.957	-0.240	0.081	0.950	-0.248	0.082	0.951	-0.264	0.081	0.968	-0.258	0.077	0.961	-0.262	0.077	0.960	-0.266	0.084	0.967	-0.263	0.088	0.957
0	-0.249	0.072	0.957	-0.254	0.073	0.960	-0.251	0.075	0.962	-0.258	0.079	0.961	-0.254	0.084	0.955	-0.250	0.079	0.971	-0.261	0.086	0.957	-0.240	0.081	0.950	-0.248	0.082	0.951	-0.264	0.081	0.968	-0.258	0.077	0.961	-0.262	0.077	0.960	-0.266	0.084	0.967	-0.263	0.088	0.957	-0.247	0.085	0.950
0	-0.254	0.073	0.960	-0.251	0.075	0.962	-0.258	0.079	0.961	-0.254	0.084	0.955	-0.250	0.079	0.971	-0.261	0.086	0.957	-0.240	0.081	0.950	-0.248	0.082	0.951	-0.264	0.081	0.968	-0.258	0.077	0.961	-0.262	0.077	0.960	-0.266	0.084	0.967	-0.263	0.088	0.957	-0.247	0.085	0.950	-0.265	0.088	0.968
0	-0.251	0.075	0.962	-0.258	0.079	0.961	-0.254	0.084	0.955	-0.250	0.079	0.971	-0.261	0.086	0.957	-0.240	0.081	0.950	-0.248	0.082	0.951	-0.264	0.081	0.968	-0.258	0.077	0.961	-0.262	0.077	0.960	-0.266	0.084	0.967	-0.263	0.088	0.957	-0.247	0.085	0.950	-0.265	0.088	0.968	-0.257	0.088	0.950
0	-0.258	0.079	0.961	-0.254	0.084	0.955	-0.250	0.079	0.971	-0.261	0.086	0.957	-0.240	0.081	0.950	-0.248	0.082	0.951	-0.264	0.081	0.968	-0.258	0.077	0.961	-0.262	0.077	0.960	-0.266	0.084	0.967	-0.263	0.088	0.957	-0.247	0.085	0.950	-0.265	0.088	0.968	-0.257	0.088	0.950	-0.253	0.089	0.962
0	-0.254	0.084	0.955	-0.250	0.079	0.971	-0.261	0.086	0.957	-0.240	0.081	0.950	-0.248	0.082	0.951	-0.264	0.081	0.968	-0.258	0.077	0.961	-0.262	0.077	0.960	-0.266	0.084	0.967	-0.263	0.088	0.957	-0.247	0.085	0.950	-0.265	0.088	0.968	-0.257	0.088	0.950	-0.253	0.089	0.962	-0.253	0.102	0.955
0	-0.250	0.079	0.971	-0.261	0.086	0.957	-0.240	0.081	0.950	-0.248	0.082	0.951	-0.264	0.081	0.968	-0.258	0.077	0.961	-0.262	0.077	0.960	-0.266	0.084	0.967	-0.263	0.088	0.957	-0.247	0.085	0.950	-0.265	0.088	0.968	-0.257	0.088	0.950	-0.253	0.089	0.962	-0.253	0.102	0.955	-0.254	0.089	0.962
0	-0.261	0.086	0.957	-0.240	0.081	0.950	-0.248	0.082	0.951	-0.264	0.081	0.968	-0.258	0.077	0.961	-0.262	0.077	0.960	-0.266	0.084	0.967	-0.263	0.088	0.957	-0.247	0.085	0.950	-0.265	0.088	0.968	-0.257	0.088	0.950	-0.253	0.089	0.962	-0.253	0.102	0.955	-0.254	0.089	0.962	-0.259	0.093	0.971
0	-0.240	0.081	0.950	-0.248	0.082	0.951	-0.264	0.081	0.968	-0.258	0.077	0.961	-0.262	0.077	0.960	-0.266	0.084	0.967	-0.263	0.088	0.957	-0.247	0.085	0.950	-0.265	0.088	0.968	-0.257	0.088	0.950	-0.253	0.089	0.962	-0.253	0.102	0.955	-0.254	0.089	0.962	-0.259	0.093	0.971	-0.248	0.098	0.955
0	-0.248	0.082	0.951	-0.264	0.081	0.968	-0.258	0.077	0.961	-0.262	0.077	0.960	-0.266	0.084	0.967	-0.263	0.088	0.957	-0.247	0.085	0.950	-0.265	0.088	0.968	-0.257	0.088	0.950	-0.253	0.089	0.962	-0.253	0.102	0.955	-0.254	0.089	0.962	-0.259	0.093	0.971	-0.248	0.098	0.955	-0.254	0.098	0.956
0	-0.264	0.081	0.968	-0.258	0.077	0.961	-0.262	0.077	0.960	-0.266	0.084	0.967	-0.263	0.088	0.957	-0.247	0.085	0.950	-0.265	0.088	0.968	-0.257	0.088	0.950	-0.253	0.089	0.962	-0.253	0.102	0.955	-0.254	0.089	0.962	-0.259	0.093	0.971	-0.248	0.098	0.955	-0.254	0.098	0.956	-0.261	0.103	0.965
0	-0.258	0.077	0.961	-0.262	0.077	0.960	-0.266	0.084	0.967	-0.263	0.088	0.957	-0.247	0.085	0.950	-0.265	0.088	0.968	-0.257	0.088	0.950	-0.253	0.089	0.962	-0.253	0.102	0.955	-0.254	0.089	0.962	-0.259	0.093	0.971	-0.248	0.098	0.955	-0.254	0.098	0.956	-0.261	0.103	0.965	-0.240	0.102	0.947
0	-0.262	0.077	0.960	-0.266	0.084	0.967	-0.263	0.088	0.957	-0.247	0.085	0.950	-0.265	0.088	0.968	-0.257	0.088	0.950	-0.253	0.089	0.962	-0.253	0.102	0.955	-0.254	0.089	0.962	-0.259	0.093	0.971	-0.248	0.098	0.955	-0.254	0.098	0.956	-0.261	0.103	0.965	-0.240	0.102	0.947	-0.244	0.105	0.958
0	-0.266	0.084	0.967	-0.263	0.088	0.957	-0.247	0.085	0.950	-0.265	0.088	0.968	-0.257	0.088	0.950	-0.253	0.089	0.962	-0.253	0.102	0.955	-0.254	0.089	0.962	-0.259	0.093	0.971	-0.248	0.098	0.955	-0.254	0.098	0.956	-0.261	0.103	0.965	-0.240	0.102	0.947	-0.244	0.105	0.958	-0.250	0.111	0.961
0	-0.263	0.088	0.957	-0.247	0.085	0.950	-0.265	0.088	0.968	-0.257	0.088	0.950	-0.253	0.089	0.962	-0.253	0.102	0.955	-0.254	0.089	0.962	-0.259	0.093	0.971	-0.248	0.098	0.955	-0.254	0.098	0.956	-0.261	0.103	0.965	-0.240	0.102	0.947	-0.244	0.105	0.958	-0.250	0.111	0.961	-0.249	0.105	0.961
0	-0.247	0.085	0.950	-0.265	0.088	0.968	-0.257	0.088	0.950	-0.253	0.089	0.962	-0.253	0.102	0.955	-0.254	0.089	0.962	-0.259	0.093	0.971	-0.248	0.098	0.955	-0.254	0.098	0.956	-0.261	0.103	0.965	-0.240	0.102	0.947	-0.244	0.105	0.958	-0.250	0.111	0.961	-0.249	0.105	0.961	-0.254	0.114	0.958
0	-0.265	0.088	0.968	-0.257	0.088	0.950	-0.253	0.089	0.962	-0.253	0.102	0.955	-0.254	0.089	0.962	-0.259	0.093	0.971	-0.248	0.098	0.955	-0.254	0.098	0.956	-0.261	0.103	0.965	-0.240	0.102	0.947	-0.244	0.105	0.958	-0.250	0.111	0.961	-0.249	0.105	0.961	-0.254	0.114	0.958	-0.238	0.106	0.944
0	-0.257	0.088	0.950	-0.253	0.089	0.962	-0.253	0.102	0.955	-0.254	0.089	0.962	-0.259	0.093	0.971	-0.248	0.098	0.955	-0.254	0.098	0.956	-0.261	0.103	0.965	-0.240	0.102	0.947	-0.244	0.105	0.958	-0.250	0.111	0.961	-0.249	0.105	0.961	-0.254	0.114	0.958	-0.238	0.106	0.944	-0.248	0.105	0.935
0	-0.253	0.089	0.962	-0.253	0.102	0.955	-0.254	0.089	0.962	-0.259	0.093	0.971	-0.248	0.098	0.955	-0.254	0.098	0.956	-0.261	0.103	0.965	-0.240	0.102	0.947	-0.244	0.105	0.958	-0.250	0.111	0.961	-0.249	0.105	0.961	-0.254	0.114	0.958	-0.238	0.106	0.944	-0.248	0.105	0.935	-0.281	0.103	0.979
0	-0.253	0.102	0.955	-0.254	0.089	0.962	-0.259	0.093	0.971	-0.248	0.098	0.955	-0.254	0.098	0.956	-0.261	0.103	0.965	-0.240	0.102	0.947	-0.244	0.105	0.958	-0.250	0.111	0.961	-0.249	0.105	0.961	-0.254	0.114	0.958	-0.238	0.106	0.944	-0.248	0.105	0.935	-0.281	0.103	0.979	-0.272	0.117	0.993
0	-0.254	0.089	0.962	-0.259	0.093	0.971	-0.248	0.098	0.955	-0.254	0.098	0.956	-0.261	0.103	0.965	-0.240	0.102	0.947	-0.244	0.105	0.958	-0.250	0.111	0.961	-0.249	0.105	0.961	-0.254	0.114	0.958	-0.238	0.106	0.944	-0.248	0.105	0.935	-0.281	0.103	0.979	-0.272	0.117	0.993	-0.253	0.105	0.972
0	-0.259	0.093	0.971	-0.248	0.098	0.955	-0.254	0.098	0.956	-0.261	0.103	0.965	-0.240	0.102	0.947	-0.244	0.105	0.958	-0.250	0.111	0.961	-0.249	0.105	0.961	-0.254	0.114	0.958	-0.238	0.106	0.944	-0.248	0.105	0.935	-0.281	0.103	0.979	-0.272	0.117	0.993	-0.253	0.105	0.972	-0.238	0.076	0.951
0	-0.248	0.098	0.955	-0.254	0.098	0.956	-0.261	0.103	0.965	-0.240	0.102	0.947	-0.244	0.105	0.958	-0.250	0.111	0.961	-0.249	0.105	0.961	-0.254	0.114	0.958	-0.238	0.106	0.944	-0.248	0.105	0.935	-0.281	0.103	0.979	-0.272	0.117	0.993	-0.253	0.105	0.972	-0.238	0.076	0.951	-0.218	0.118	0.930
0	-0.254	0.098	0.956	-0.261	0.103	0.965	-0.240	0.102	0.947	-0.244	0.105	0.958	-0.250	0.111	0.961	-0.249	0.105	0.961	-0.254	0.114	0.958	-0.238	0.106	0.944	-0.248	0.105	0.935	-0.281	0.103	0.979	-0.272	0.117	0.993	-0.253	0.105	0.972	-0.238	0.076	0.951	-0.218	0.118	0.930	-0.230	0.158	0.936
0	-0.261	0.103	0.965	-0.240	0.102	0.947	-0.244	0.105	0.958	-0.250	0.111	0.961	-0.249	0.105	0.961	-0.254	0.114	0.958	-0.238	0.106	0.944	-0.248	0.105	0.935	-0.281	0.103	0.979	-0.272	0.117	0.993	-0.253	0.105	0.972	-0.238	0.076	0.951	-0.218	0.118	0.930	-0.230	0.158	0.936	-0.146	0.175	0.969
0	-0.240	0.102	0.947	-0.244	0.105	0.958	-0.250	0.111	0.961	-0.249	0.105	0.961	-0.254	0.114	0.958	-0.238	0.106	0.944	-0.248	0.105	0.935	-0.281	0.103	0.979	-0.272	0.117	0.993	-0.253	0.105	0.972	-0.238	0.076	0.951	-0.218	0.118	0.930	-0.230	0.158	0.936	-0.146	0.175	0.969	-0.065	0.221	0.926
0	-0.244	0.105	0.958	-0.250	0.111	0.961	-0.249	0.105	0.961	-0.254	0.114	0.958	-0.238	0.106	0.944	-0.248	0.105	0.935	-0.281	0.103	0.979	-0.272	0.117	0.993	-0.253	0.105	0.972	-0.238	0.076	0.951	-0.218	0.118	0.930	-0.230	0.158	0.936	-0.146	0.175	0.969	-0.065	0.221	0.926	0.003	0.359	0.913
0	-0.250	0.111	0.961	-0.249	0.105	0.961	-0.254	0.114	0.958	-0.238	0.106	0.944	-0.248	0.105	0.935	-0.281	0.103	0.979	-0.272	0.117	0.993	-0.253	0.105	0.972	-0.238	0.076	0.951	-0.218	0.118	0.930	-0.230	0.158	0.936	-0.146	0.175	0.969	-0.065	0.221	0.926	0.003	0.359	0.913	0.010	0.284	0.887
0	-0.249	0.105	0.961	-0.254	0.114	0.958	-0.238	0.106	0.944	-0.248	0.105	0.935	-0.281	0.103	0.979	-0.272	0.117	0.993	-0.253	0.105	0.972	-0.238	0.076	0.951	-0.218	0.118	0.930	-0.230	0.158	0.936	-0.146	0.175	0.969	-0.065	0.221	0.926	0.003	0.359	0.913	0.010	0.284	0.887	-0.119	0.374	0.935
0	-0.254	0.114	0.958	-0.238	0.106	0.944	-0.248	0.105	0.935	-0.281	0.103	0.979	-0.272	0.117	0.993	-0.253	0.105	0.972	-0.238	0.076	0.951	-0.218	0.118	0.930	-0.230	0.158	0.936	-0.146	0.175	0.969	-0.065	0.221	0.926	0.003	0.359	0.913	0.010	0.284	0.887	-0.119	0.374	0.935	-0.023	0.443	0.950
0	-0.238	0.106	0.944	-0.248	0.105	0.935	-0.281	0.103	0.979	-0.272	0.117	0.993	-0.253	0.105	0.972	-0.238	0.076	0.951	-0.218	0.118	0.930	-0.230	0.158	0.936	-0.146	0.175	0.969	-0.065	0.221	0.926	0.003	0.359	0.913	0.010	0.284	0.887	-0.119	0.374	0.935	-0.023	0.443	0.950	0.119	0.522	0.955
0	-0.248	0.105	0.935	-0.281	0.103	0.979	-0.272	0.117	0.993	-0.253	0.105	0.972	-0.238	0.076	0.951	-0.218	0.118	0.930	-0.230	0.158	0.936	-0.146	0.175	0.969	-0.065	0.221	0.926	0.003	0.359	0.913	0.010	0.284	0.887	-0.119	0.374	0.935	-0.023	0.443	0.950	0.119	0.522	0.955	0.304	0.444	0.805
0	-0.281	0.103	0.979	-0.272	0.117	0.993	-0.253	0.105	0.972	-0.238	0.076	0.951	-0.218	0.118	0.930	-0.230	0.158	0.936	-0.146	0.175	0.969	-0.065	0.221	0.926	0.003	0.359	0.913	0.010	0.284	0.887	-0.119	0.374	0.935	-0.023	0.443	0.950	0.119	0.522	0.955	0.304	0.444	0.805	0.038	0.235	0.824
0	-0.272	0.117	0.993	-0.253	0.105	0.972	-0.238	0.076	0.951	-0.218	0.118	0.930	-0.230	0.158	0.936	-0.146	0.175	0.969	-0.065	0.221	0.926	0.003	0.359	0.913	0.010	0.284	0.887	-0.119	0.374	0.935	-0.023	0.443	0.950	0.119	0.522	0.955	0.304	0.444	0.805	0.038	0.235	0.824	-0.039	0.553	0.836
0	-0.253	0.105	0.972	-0.238	0.076	0.951	-0.218	0.118	0.930	-0.230	0.158	0.936	-0.146	0.175	0.969	-0.065	0.221	0.926	0.003	0.359	0.913	0.010	0.284	0.887	-0.119	0.374	0.935	-0.023	0.443	0.950	0.119	0.522	0.955	0.304	0.444	0.805	0.038	0.235	0.824	-0.039	0.553	0.836	-0.243	0.467	0.891
0	-0.238	0.076	0.951	-0.218	0.118	0.930	-0.230	0.158	0.936	-0.146	0.175	0.969	-0.065	0.221	0.926	0.003	0.359	0.913	0.010	0.284	0.887	-0.119	0.374	0.935	-0.023	0.443	0.950	0.119	0.522	0.955	0.304	0.444	0.805	0.038	0.235	0.824	-0.039	0.553	0.836	-0.243	0.467	0.891	-0.036	0.457	0.919
0	-0.218	0.118	0.930	-0.230	0.158	0.936	-0.146	0.175	0.969	-0.065	0.221	0.926	0.003	0.359	0.913	0.010	0.284	0.887	-0.119	0.374	0.935	-0.023	0.443	0.950	0.119	0.522	0.955	0.304	0.444	0.805	0.038	0.235	0.824	-0.039	0.553	0.836	-0.243	0.467	0.891	-0.036	0.457	0.919	-0.094	0.456	0.878
0	-0.230	0.158	0.936	-0.146	0.175	0.969	-0.065	0.221	0.926	0.003	0.359	0.913	0.010	0.284	0.887	-0.119	0.374	0.935	-0.023	0.443	0.950	0.119	0.522	0.955	0.304	0.444	0.805	0.038	0.235	0.824	-0.039	0.553	0.836	-0.243	0.467	0.891	-0.036	0.457	0.919	-0.094	0.456	0.878	-0.046	0.460	0.892
0	-0.146	0.175	0.969	-0.065	0.221	0.926	0.003	0.359	0.913	0.010	0.284	0.887	-0.119	0.374	0.935	-0.023	0.443	0.950	0.119	0.522	0.955	0.304	0.444	0.805	0.038	0.235	0.824	-0.039	0.553	0.836	-0.243	0.467	0.891	-0.036	0.457	0.919	-0.094	0.456	0.878	-0.046	0.460	0.892	-0.197	0.546	0.864
0	-0.065	0.221	0.926	0.003	0.359	0.913	0.010	0.284	0.887	-0.119	0.374	0.935	-0.023	0.443	0.950	0.119	0.522	0.955	0.304	0.444	0.805	0.038	0.235	0.824	-0.039	0.553	0.836	-0.243	0.467	0.891	-0.036	0.457	0.919	-0.094	0.456	0.878	-0.046	0.460	0.892	-0.197	0.546	0.864	-0.202	0.512	0.971
0	0.003	0.359	0.913	0.010	0.284	0.887	-0.119	0.374	0.935	-0.023	0.443	0.950	0.119	0.522	0.955	0.304	0.444	0.805	0.038	0.235	0.824	-0.039	0.553	0.836	-0.243	0.467	0.891	-0.036	0.457	0.919	-0.094	0.456	0.878	-0.046	0.460	0.892	-0.197	0.546	0.864	-0.202	0.512	0.971	-0.169	0.268	0.846
0	0.010	0.284	0.887	-0.119	0.374	0.935	-0.023	0.443	0.950	0.119	0.522	0.955	0.304	0.444	0.805	0.038	0.235	0.824	-0.039	0.553	0.836	-0.243	0.467	0.891	-0.036	0.457	0.919	-0.094	0.456	0.878	-0.046	0.460	0.892	-0.197	0.546	0.864	-0.202	0.512	0.971	-0.169	0.268	0.846	0.068	0.421	0.902
0	-0.119	0.374	0.935	-0.023	0.443	0.950	0.119	0.522	0.955	0.304	0.444	0.805	0.038	0.235	0.824	-0.039	0.553	0.836	-0.243	0.467	0.891	-0.036	0.457	0.919	-0.094	0.456	0.878	-0.046	0.460	0.892	-0.197	0.546	0.864	-0.202	0.512	0.971	-0.169	0.268	0.846	0.068	0.421	0.902	-0.013	0.514	0.850
