138
167
206
226
250
292
334
354
397
474
572
653
720
797
818
842
895
910
952
990
1016
1056
1079
1104
1142
1194
1239
1275
1316
1361
1396
1434
1469
1497
1525
1556
1588
1617
1646
1677
1706
1747
1775
1815
1859
1878
1898
1932
1991
2091
2150
2291
2544
2699
2733
2767
2797
2847
2881
2906
3021
3127
3250
3274
3309
3358
3428
3471
3515
3569
3613
3645
3678
3710
3750
3787
3812
3840
3875
3910
3942
3975
4007
4038
4069
4099
4138
4193
4220
4247
4278
4305
4329
4359
4385
4432
4477
4628
4693
4765
4788
4816
4850
4882
4914
4947
4975
5004
5037
5069
5100
5131
5164
5196
5228
5261
5296
5326
5360
5393
5428
5458
5492
5521
5551
5587
5621
5658
5693
5721
5756
5797
5830
5853
5893
5989
6311
6353
6378
6414
6508
6559
6590
6601
6635
6680
6704
6743
6773
6805
6832
6862
6897
6933
6959
6989
7020
7053
7085
7120
7154
7188
7219
7250
7288
7315
7347
7375
7407
7440
7472
7521
7570
7597
7647
7694
7746
7774
7812
7864
7916
7956
7990
8013
8038
8112
8181
8253
8301
8348
8404
8479
8510
8536
8579
8625
8653
8678
8711
8747
8782
8815
8843
8870
8907
8942
8983
9017
9051
9085
9117
9150
9170
9204
9241
9282
9297
9338
9371
9401
9425
9448
9481
9514
9547
9576
9604
9675
9729
9763
9800
9857
9902
9923
9955
9982
10031
10079
10117
10185
10245
10288
10316
10350
10394
10430
10481
10536
10558
10588
10620
10667
10727
10747
10772
10831
10858
10901
10930
10945
10977
11006
11042
11068
11090
11124
11176
11193
11237
11274
11396
11472
11545
11628
11660
11681
11734
11754
11790
11822
11858
11883
11921
11942
11981
12021
12074
12112
12149
12196
12234
12269
12308
12336
12364
12393
12427
12456
12485
12515
12546
12580
12616
12647
12696
12721
12739
12768
12820
12900
12985
13051
13327
13530
13568
13608
13633
13686
13720
13745
13808
13947
14088
14115
14144
14191
14241
14305
14354
14400
14438
14483
14515
14548
14586
14625
14652
14679
14712
14748
14780
14813
14845
14876
14907
14937
14970
15025
15061
15086
15116
15148
15168
15199
15223
15266
15309
15449
15514
15601
15629
15655
15687
15721
15752
15785
15814
15842
15874
15908
15938
15970
16001
16034
16065
16099
16134
16165
16198
16231
16265
16297
16330
16360
16389
16424
16459
16494
16531
16560
16593
16634
16671
16691
16730
16797
17054
17193
17217
17250
17300
17391
17435
17446
17470
17520
17542
17583
17610
17644
17671
17701
17732
17772
17799
17827
17858
17890
17922
17958
17991
18025
18058
18087
18127
18154
18185
18214
18245
18276
18311
18356
18401
18438
18478
18518
18571
18615
18645
18693
18753
18793
18828
18855
18875
18939
19003
19080
19130
19185
19244
19289
19350
19375
19411
19460
19494
19518
19547
19584
19619
19653
19684
19707
19743
19779
19819
19855
19889
19922
19955
19989
20012
20037
20076
20125
20140
20180
20209
20240
20267
20287
20318
20351
20385
20415
20441
20511
20555
20603
20632
20687
20743
20763
20793
20822
20866
20913
20949
21021
21082
21112
21158
21178
21221
21270
21302
21376
21399
21426
21457
21500
21565
21589
21609
21666
21696
21731
21774
21788