185
192
198
204
214
223
233
249
260
270
278
292
393
512
657
672
700
763
772
777
782
787
797
814
991
1072
1297
1304
1308
1315
1322
1333
1348
1360
1373
1385
1393
1401
1423
1428
1434
1439
1443
1448
1452
1458
1471
1480
1491
1507
1530
1556
1569
1580
1592
1611
1620
1625
1630
1635
1642
1654
1668
1679
1689
1704
1870
1880
1887
1894
1901
1907
1914
1921
1931
2152
2161
2167
2172
2176
2181
2187
2204
2274
2282
2292
2304
2327
2332
2338
2345
2350
2354
2359
2367
2385
2391
2397
2404
2409
2416
2426
2440
2478
2493
2502
2518
2526
2532
2538
2545
2553
2566
2583
2672
2688
2725
2829
2850
2889
2903
2912
2920
2927
2936
2945
3019
3056
3071
3081
3092
3107
3122
3217
3225
3232
3240
3250
3266
3283
3297
3352
3364
3385
3472
3607
3620
3632
3641
3647
3653
3659
3667
3783
3814
3845
3856
3865
3877
3895
3918
3946
3956
3963
3971
3982
3995
4005
4016
4028
4039
4071
4091
4107
4114
4120
4125
4132
4139
4150
4162
4174
4184
4192
4197
4202
4207
4213
4221
4229
4237
4246
4254
4262
4269
4276
4284
4292
4300
4306
4312
4319
4329
4337
4343
4350
4358
4366
4374
4383
4392
4403
4510
4520
4529
4549
4566
4579
4586
4592
4597
4604
4613
4622
4632
4641
4651
4659
4666
4672
4680
4689
4699
4706
4728
4736
4745
4751
4758
4767
4776
4785
4798
4810
4821
4832
4843
4855
4867
4876
4883
4889
4898
4908
4919
4931
4949
4961
4969
4977
4985
4994
5009
5030
5039
5049
5058
5069
5079
5086
5093
5101
5114
5120
5125
5130
5135
5140
5145
5153
5164
5178
5193
5204
5214
5223
5229
5235
5241
5247
5252
5258
5264
5271
5282
5297
5327
5332
5336
5342
5347
5351
5356
5366
5385
5409
5444
5456
5462
5468
5474
5488
5500
5512
5526
5537
5546
5556
5568
5583
5593
5601
5610
5621
5633
5645
5653
5661
5667
5677
5695
5703
5713
5723
5731
5738
5743
5748
5752
5757
5763
5783
5787
5792
5798
5803
5809
5818
5916
5924
5933
5943
5954
5961
5967
5974
5981
5992
6040
6050
6057
6066
6080
6093
6111
6132
6144
6151
6157
6164
6174
6184
6190
6196
6203
6211
6225
6243
6258
6271
6285
6291
6297
6302
6307
6314
6321
6332
6346
6361
6377
6390
6408
6443
6450
6455
6460
6465
6470
6481
6490
6497
6504
6512
6522
6538
6680
6687
6692
6697
6704
6714
6725
6735
6745
6755
6769
6850
6878
6884
6889
6893
6897
6902
6908
6921
6934
6952
6998
7006
7016
7025
7035
7040
7045
7050
7054
7059
7065
7073
7088
7095
7102
7108
7116
7124
7137
7145
7153
7160
7170
7183
7200
7254
7262
7268
7275
7281
7290
7302
7314
7324
7348
7424
7431
7437
7444
7452
7461
7474
7487
7500
7514
7527
7536
7546
7554
7566
7673
7688
7695
7700
7706
7712
7719
7726
7736
7809
7819
7825
7830
7834
7839
7849
7869
7950
7954
7961
7967
7972
7976
7982
7990
7999
8008
8019
8032
8042
8053
8081
8092
8099
8106
8112
8122
8130
8142
8153
8161
8170
8178
8187
8197
8210
8224
8237
8246
8254
8261
8269
8280
8292
8307
8325
8346
8368
8433
8441
8448
8458
8469
8548
8555
8563
8568
8572
8577
8584
8598
8613
8628
8642
8654
8667
8678
8695
8766
8771
8777
8782
8786
8790
8795
8801
8814
8824
8833
8840
8849
8868
8873
8878
8882
8887
8891
8896
8905
8917
8930
8940
8949
8956
8963
8971
8981
8993
9017
9030
9074
9089
9096
9103
9111
9118
9126
9132
9140
9159
9163
9166
9171
9175
9179
9183
9187
9194
9203
9217
9317
9331
9341
9359
9388
9397
9403
9409
9415
9422
9428
9437
9551
9561
9566
9571
9575
9579
9583
9589
9595
9600
9606
9610
9615
9619
9624
9628
9633
9638
9643
9701
9710
9716
9720
9724
9729
9733
9737
9742
9746
9750
9755
9759
9764
9768
9773
9778
9783
9788
9792
9797
9802
9807
9813
9819
9826
9857
9871
9878
9884
9889
9894
9899
9905
9910
9918
9929
9937
9944
9952
9958
9967
9983
9988
9994
9997
10001
10005
10009
10014
10026
10037
10048
10058
10088
10095
10101
10106
10111
10115
10120
10128
10143
10157
10173
10190
10203
10213
10337
10348
10356
10364
10372
10381
10389
10399
10500
10507
10512
10516
10521
10526
10531
10541
10587
10595
10600
10605
10609
10613
10620
10630
10637
10642
10648
10654
10662
10671
10678
10684
10689
10696
10704
10712
10722
10730
10779
10787
10792
10798
10877
10885
10892
10898
11028
11037
11043
11049
11057
11067
11076
11088
11104
11114
11123
11133
11228
11263
11499
11513
11533
11606
11617
11622
11628
11633
11640
11654
11824
11857
12141
12149
12154
12160
12167
12176
12190
12203
12214
12227
12237
12245
12256
12274
12279
12285
12289
12294
12298
12303
12310
12323
12334
12346
12367
12394
12411
12423
12434
12456
12465
12471
12476
12480
12486
12496
12510
12522
12532
12545
12703
12724
12732
12739
12746
12752
12759
12766
12774
12997
13004
13012
13017
13022
13026
13032
13040
13117
13127
13135
13146
13158
13178
13183
13190
13195
13200
13204
13211
13221
13237
13242
13249
13255
13260
13268
13282
13297
13332
13346
13357
13370
13378
13383
13390
13397
13407
13423
13513
13527
13556
13670
13685
13717
13746
13756
13764
13772
13780
13788
13800
13879
13915
13925
13934
13947
13963
14060
14069
14077
14084
14093
14106
14123
14139
14153
14207
14222
14291
14368
14464
14476
14486
14492
14498
14504
14511
14522
14651
14671
14698
14710
14718
14735
14754
14787
14800
14808
14815
14824
14837
14849
14859
14870
14882
14895
14933
14947
14959
14965
14971
14976
14983
14992
15005
15016
15028
15036
15043
15048
15053
15058
15065
15073
15081
15090
15098
15106
15113
15120
15128
15136
15144
15151
15157
15164
15172
15181
15188
15195
15202
15210
15218
15227
15236
15245
15351
15363
15373
15387
15408
15421
15431
15437
15443
15449
15457
15466
15475
15485
15494
15503
15511
15517
15524
15532
15542
15551
15560
15581
15589
15596
15603
15611
15620
15629
15640
15653
15664
15675
15686
15698
15710
15720
15728
15734
15742
15751
15762
15773
15785
15805
15813
15822
15829
15838
15849
15868
15883
15893
15902
15912
15922
15931
15938
15945
15955
15966
15971
15976
15981
15986
15990
15997
16007
16019
16034
16047
16058
16067
16074
16080
16086
16092
16098
16103
16109
16116
16125
16138
16154
16178
16182
16187
16192
16197
16202
16209
16224
16246
16269
16297
16307
16313
16319
16328
16343
16354
16368
16380
16390
16399
16410
16424
16437
16445
16454
16464
16476
16488
16497
16505
16512
16520
16533
16547
16557
16567
16576
16583
16588
16594
16598
16603
16608
16618
16634
16638
16643
16649
16654
16661
16680
16769
16777
16786
16797
16806
16813
16819
16826
16834
16848
16894
16902
16909
16922
16934
16949
16970
16988
16995
17002
17009
17017
17028
17035
17041
17047
17055
17066
17083
17099
17112
17126
17137
17142
17148
17153
17159
17165
17174
17187
17202
17218
17232
17246
17285
17295
17300
17306
17310
17315
17324
17335
17342
17349
17356
17364
17376
17523
17532
17537
17543
17549
17557
17568
17579
17588
17598
17609
17631
17721
17730
17735
17739
17743
17747
17753
17763
17776
17791
17814
17850
17861
17868
17878
17886
17891
17896
17900
17905
17910
17917
17926
17940
17946
17953
17961
17967
17978
17989
17997
18004
18014
18024
18039
18064
18106
18113
18120
18126
18133
18144
18157
18167
18180
18269
18275
18282
18289
18296
18305
18315
18329
18342
18356
18369
18380
18389
18398
18409
18506
18531
18539
18546
18551
18557
18564
18571
18579
18593
18662
18670
18675
18680
18684
18691
18706
18794
18800
18805
18812
18817
18822
18827
18834
18843
18852
18862
18874
18885
18896
18913
18936
18943
18951
18957
18965
18975
18984
18996
19006
19014
19022
19031
19040
19052
19066
19079
19091
19098
19105
19113
19123
19134
19148
19164
19185
19204
19276
19285
19293
19301
19312
19325
19399
19409
19413
19418
19423
19428
19439
19455
19469
19484
19497
19509
19520
19533
19610
19617
19622
19628
19632
19636
19640
19645
19654
19667
19676
19685
19692
19713
19719
19724
19728
19733
19737
19742
19749
19760
19772
19783
19793
19800
19808
19815
19824
19834
19860
19871
19914
19932
19941
19948
19955
19963
19970
19977
19984
20004
20009
20013
20017
20021
20025
20029
20033
20039
20046
20058
20156
20173
20183
20197
20227
20242
20249
20254
20260
20266
20273
20280
20291
20404
20412
20417
20421
20425
20429
20434
20441
20446
20451
20456
20461
20465
20470
20474
20479
20483
20488
20498
20555
20561
20566
20571
20575
20579
20583
20588
20592
20596
20601
20605
20610
20614
20619
20624
20628
20633
20638
20643
20648
20653
20658
20664
20670
20691
20714
20723
20729
20734
20739
20745
20750
20755
20762
20772
20782
20788
20797
20803
20810
20829
20834
20840
20844
20847
20851
20855
20859
20867
20881
20890
20900
20918
20940
20946
20952
20956
20961
20966
20972
20983
20999
21014
21032
21045
21056
21171
21192
21200
21209
21216
21225
21233
21242
21257
21352
21358
21362
21366
21372
21376
21384
21402
21440
21446
21450
21455
21459
21464
21472
21482
21488
21494
21499
21507
21515
21523
21529
21535
21541
21548
21556
21566
21574
21584
21632
21638
21643
21717
21729
21737
21743