141
164
193
240
261
286
350
371
399
437
462
489
521
552
588
625
662
687
717
746
782
823
844
901
933
954
982
1018
1068
1091
1119
1149
1178
1210
1243
1272
1300
1329
1354
1380
1412
1452
1482
1509
1539
1567
1597
1622
1652
1687
1706
1734
1787
1827
1849
1874
1907
1961
1982
2007
2041
2077
2102
2133
2167
2200
2242
2277
2312
2346
2382
2418
2458
2490
2517
2544
2608
2636
2661
2699
2720
2752
2810
2830
2857
2891
2926
2962
2991
3022
3054
3086
3115
3144
3176
3206
3236
3265
3294
3326
3374
3393
3420
3443
3466
3512
3541
3565
3589
3618
3651
3682
3710
3741
3774
3809
3845
3883
3916
3958
3988
4016
4046
4075
4118
4148
4178
4217
4257
4288
4322
4355
4388
4423
4457
4491
4519
4550
4669
4711
4746
4777
4809
4839
4870
4900
4933
4972
5007
5035
5065
5097
5131
5159
5190
5224
5263
5300
5329
5371
5403
5435
5469
5502
5527
5551
5586
5621
5673
5704
5730
5756
5778
5828
5850
5872
5897
5927
5960
5996
6037
6070
6100
6134
6170
6207
6247
6279
6308
6335
6386
6413
6446
6486
6515
6534
6563
6651
6688
6709
6735
6769
6799
6829
6859
6887
6920
6948
6981
7009
7039
7071
7099
7127
7166
7201
7228
7262
7304
7337
7363
7396
7439
7489
7517
7536
7564
7617
7640
7667
7695
7722
7752
7780
7810
7847
7875
7923
7952
7981
8004
8032
8070
8100
8145
8178
8201
8246
8264
8290
8356
8377
8401
8433
8467
8504
8545
8618
8669
8717
8740
8759
8781
8815
8848
8881
8909
8940
8972
9008
9047
9085
9116
9152
9190
9211
9245
9300
9328
9363
9389
9412
9440
9477
9506
9530
9560
9591
9622
9660
9695
9723
9759
9786
9833
9865
9904
9936
9964
10007
10043
10079
10103
10143
10163
10179
10204
10256
10284
10315
10352
10383
10410
10433
10464
10494
10530
10566
10598
10623
10672
10694
10716
10759
10782
10837
10857
10878
10929
10973
10995
11020
11050
11095
11115
11154
11205
11225
11259
11293
11318
11346
11378
11410
11447
11486
11518
11543
11574
11601
11651
11677
11700
11760
11788
11809
11841
11881
11922
11947
11976
12005
12035
12069
12100
12128
12156
12185
12209
12237
12272
12310
12338
12366
12396
12423
12453
12478
12514
12540
12560
12602
12644
12683
12704
12731
12769
12816
12836
12865
12899
12933
12957
12992
13024
13063
13100
13136
13169
13204
13241
13276
13317
13346
13373
13419
13466
13490
13533
13553
13575
13635
13664
13685
13715
13750
13785
13819
13848
13879
13911
13942
13971
14002
14033
14063
14092
14121
14151
14186
14228
14248
14278
14298
14322
14369
14396
14420
14445
14475
14509
14538
14566
14598
14632
14667
14706
14740
14777
14816
14844
14873
14902
14934
14976
15004
15038
15077
15114
15146
15180
15213
15247
15281
15316
15347
15375
15411
15534
15569
15604
15635
15665
15696
15728
15757
15791
15833
15863
15891
15922
15955
15988
16016
16047
16081
16125
16157
16186
16229
16260
16293
16327
16358
16381
16408
16445
16479
16535
16557
16587
16610
16639
16683
16704
16727
16755
16783
16821
16855
16895
16927
16957
16992
17029
17065
17105
17135
17165
17191
17243
17270
17304
17345
17368
17388
17468
17513
17543
17564
17592
17627
17656
17686
17716
17744
17776
17806
17837
17865
17897
17927
17955
17985
18026
18057
18085
18122
18163
18193
18219
18257
18301
18350
18371
18390
18433
18473
18495
18524
18550
18579
18608
18636
18668
18704
18732
18780
18809
18836
18859
18891
18929
18956
19006
19032
19058
19099
19118
19163
19211
19231
19257
19291
19327
19363
19416
19480
19532
19574
19593
19613
19638
19674
19705
19738
19766
19797
19831
19865
19908
19942
19974
20015
20044
20067
20105
20157
20186
20220
20243
20268
20297
20335
20361
20387
20418
20448
20479
20522
20550
20582
20615
20646
20689
20726
20762
20792
20825
20865
20903
20934
20959
20998
21015
21033
21064
21113
21140
21174
21209
21240
21265
21289
21321
21352
21388
21425
21453
21485
21527
21549
21574
21615
21637
21692
21711
21735
21790