199
257
450
526
596
618
631
642
650
658
667
675
683
691
699
708
716
724
732
740
748
756
764
773
781
789
797
805
814
822
830
839
847
855
864
872
880
889
897
905
914
922
930
938
947
955
963
971
980
988
996
1004
1013
1021
1029
1038
1046
1054
1063
1071
1079
1088
1096
1104
1112
1120
1129
1137
1145
1153
1162
1170
1178
1186
1195
1203
1211
1219
1227
1235
1244
1252
1260
1268
1276
1284
1293
1301
1309
1317
1325
1333
1341
1350
1358
1367
1376
1385
1393
1402
1410
1418
1427
1435
1443
1452
1460
1469
1477
1485
1494
1502
1510
1518
1527
1535
1544
1552
1560
1569
1577
1585
1594
1602
1611
1619
1627
1636
1644
1652
1661
1669
1677
1685
1694
1702
1710
1718
1726
1735
1743
1751
1759
1768
1776
1784
1792
1800
1808
1817
1825
1833
1841
1849
1857
1866
1874
1883
1891
1900
1908
1916
1925
1933
1941
1949
1958
1966
1974
1982
1990
1998
2006
2014
2022
2030
2038
2046
2055
2063
2071
2079
2087
2095
2103
2111
2119
2127
2135
2143
2152
2160
2168
2176
2184
2192
2200
2208
2216
2224
2233
2241
2249
2257
2265
2274
2282
2290
2299
2307
2315
2323
2332
2340
2348
2356
2365
2373
2381
2389
2397
2405
2413
2421
2429
2438
2446
2454
2462
2470
2477
2485
2494
2502
2510
2518
2526
2534
2542
2551
2559
2567
2575
2584
2592
2600
2608
2617
2625
2633
2641
2650
2658
2666
2675
2683
2691
2699
2707
2715
2724
2732
2740
2748
2757
2765
2773
2781
2790
2798
2806
2814
2823
2831
2839
2848
2856
2864
2872
2880
2888
2897
2905
2913
2921
2929
2938
2946
2954
2962
2970
2979
2987
2995
3003
3011
3019
3027
3035
3043
3051
3059
3067
3076
3084
3092
3101
3109
3117
3125
3133
3142
3150
3158
3166
3174
3182
3191
3199
3207
3215
3224
3232
3240
3249
3257
3265
3274
3282
3290
3298
3307
3315
3323
3331
3340
3348
3356
3365
3373
3381
3390
3398
3406
3414
3422
3431
3439
3447
3455
3463
3471
3479
3487
3496
3504
3512
3520
3528
3536
3545
3553
3561
3569
3577
3585
3594
3602
3610
3618
3627
3635
3643
3651
3659
3667
3675
3684
3692
3700
3708
3716
3724
3733
3741
3749
3757
3766
3774
3782
3790
3799
3807
3815
3823
3831
3840
3848
3856
3864
3873
3881
3889
3898
3906
3915
3923
3931
3940
3948
3956
3965
3973
3981
3989
3998
4006
4014
4022
4031
4039
4047
4055
4063
4071
4079
4087
4095
4103
4111
4120
4128
4136
4144
4153
4161
4169
4177
4186
4194
4202
4210
4219
4227
4235
4243
4251
4260
4268
4276
4284
4293
4301
4309
4317
4326
4334
4342
4350
4358
4367
4375
4383
4391
4399
4407
4416
4424
4432
4440
4448
4456
4465
4473
4482
4490
4498
4507
4515
4523
4531
4540
4548
4556
4564
4573
4581
4589
4597
4606
4614
4622
4630
4638
4647
4655
4663
4671
4679
4687
4696
4704
4712
4721
4729
4737
4745
4754
4762
4770
4778
4787
4795
4803
4811
4819
4828
4836
4844
4852
4861
4869
4877
4886
4894
4902
4911
4919
4927
4935
4944
4952
4960
4969
4977
4985
4994
5002
5010
5019
5027
5035
5043
5052
5060
5068
5076
5084
5092
5101
5109
5117
5126
5134
5143
5151
5159
5168
5176
5184
5193
5201
5209
5217
5225
5233
5241
5249
5258
5266
5274
5282
5290
5298
5306
5315
5323
5332
5340
5349
5358
5366
5375
5383
5391
5400
5408
5416
5424
5432
5441
5449
5457
5465
5474
5482
5490
5499
5507
5515
5523
5531
5540
5548
5556
5564
5573
5581
5589
5598
5606
5614
5622
5631
5639
5647
5656
5664
5672
5681
5689
5697
5706
5714
5722
5731
5739
5747
5756
5764
5772
5780
5789
5797
5805
5814
5822
5830
5838
5846
5855
5863
5871
5879
5888
5896
5904
5912
5920
5929
5937
5945
5953
5961
5970
5978
5986
5995
6003
6011
6020
6028
6036
6044
6053
6061
6069
6077
6085
6094
6102
6111
6119
6127
6135
6144
6152
6160
6168
6176
6185
6193
6201
6209
6217
6226
6234
6242
6251
6259
6267
6276
6284
6292
6301
6309
6317
6325
6333
6342
6350
6358
6368
6377
6385
6394
6402
6411
6419
6427
6435
6444
6452
6461
6469
6477
6485
6493
6502
6510
6518
6526
6535
6543
6551
6560
6568
6576
6584
6593
6601
6610
6618
6626
6635
6643
6651
6659
6667
6676
6684
6692
6701
6709
6717
6725
6733
6741
6749
6758
6766
6774
6783
6791
6799
6808
6816
6824
6833
6841
6849
6858
6866
6874
6882
6891
6899
6908
6916
6924
6932
6940
6948
6956
6965
6973
6981
6989
6997
7006
7014
7022
7030
7038
7047
7055
7063
7071
7079
7088
7096
7104
7113
7121
7129
7137
7146
7154
7162
7171
7179
7187
7195
7204
7212
7220
7228
7237
7245
7253
7262
7270
7278
7286
7295
7303
7311
7319
7328
7336
7345
7353
7361
7369
7378
7386
7394
7403
7411
7420
7428
7436
7445
7453
7461
7470
7478
7487
7495
7503
7512
7520
7529
7537
7545
7554
7562
7570
7579
7587
7595
7604
7612
7620
7629
7637
7645
7654
7662
7670
7678
7686
7695
7703
7711
7719
7727
7736
7744
7752
7760
7768
7776
7784
7793
7801
7809
7817
7825
7833
7841
7849
7857
7866
7874
7882
7890
7898
7907
7915
7923
7931
7939
7947
7956
7964
7972
7980
7988
7996
8004
8012
8021
8029
8037
8045
8053
8062
8070
8078
8086
8094
8102
8111
8119
8127
8135
8143
8151
8160
8168
8176
8184
8192
8201
8209
8217
8225
8233
8241
8250
8258
8266
8274
8282
8290
8299
8307
8315
8324
8332
8340
8348
8357
8365
8374
8382
8391
8403
8418